total_modules change_cost acc_mean acc_standard_deviation accm_mean accm_standard_deviation amloc_mean amloc_standard_deviation anpm_mean anpm_standard_deviation cbo_mean cbo_standard_deviation dit_mean dit_standard_deviation lcom4_mean lcom4_standard_deviation loc_mean loc_standard_deviation noa_mean noa_standard_deviation noc_mean noc_standard_deviation nom_mean nom_standard_deviation npa_mean npa_standard_deviation npm_mean npm_standard_deviation rfc_mean rfc_standard_deviation sc_mean sc_standard_deviation
accessanalysis 91 0.02 1.20879120879121 3.23356179095465 1.36461631763489 0.957949221272139 7.56153626612069 5.60252342824232 0.657144757717173 0.507506082761304 0.351648351648352 0.638985765336606 0.736263736263736 0.629553013126771 4.06593406593407 6.43048675849348 50.3516483516484 68.7534037341463 2.1978021978022 3.1524938284186 0.406593406593407 1.20164722109113 5.84615384615385 7.12261356045826 0.340659340659341 1.02436734101027 3.74725274725275 6.05271914393928 11.3186813186813 16.2766903002621 0.956043956043956 2.32814703579233
bogor 545 0.07 8.41834862385321 29.2331718973448 1.47735494283017 1.96649107925353 8.3137193881169 15.5368991228541 0.897373680721944 1.04930489914375 2.59082568807339 6.38727971423425 2.05137614678899 1.48185189923562 3.3651376146789 6.37497658800183 116.757798165138 491.959269501129 2.53761467889908 7.7214225129385 1.07339449541284 3.22873820628881 8.31376146788991 18.2902128877649 0.585321100917431 6.27879873428045 6.67889908256881 9.28142588360278 31.2183486238532 144.204416136599 22.2165137614679 296.776593446941
boon 12 0.31 1.75 2.41679727964699 3.88007662835249 2.73643549287249 20.2924888250319 15.3554239849609 1.36205300127714 0.665494443674645 0.916666666666667 1.16450015288132 0 0 1.33333333333333 1.07308673997732 226.583333333333 483.748330198355 6.16666666666667 11.0686562651097 0 0 10.1666666666667 24.3565684003807 6.16666666666667 11.0686562651097 10.1666666666667 24.3565684003807 72.3333333333333 210.064636517315 1.5 2.02259958738973
clang                                
closure-compiler 1122 0.05 6.81729055258467 77.8944913281513 2.2014116544151 6.62795281771434 10.5485282842993 17.959642666323 1.04096561589157 1.07876385703987 1.2397504456328 2.13932783305284 1.07486631016043 0.942462103789782 5.16399286987522 14.1668981730834 116.337789661319 373.266738357527 2.79768270944742 6.86904873226365 0.603386809269162 5.62368090431716 11.1229946524064 42.3303669996877 0.630124777183601 4.84970379761988 8.97237076648841 41.0039068599825 31.8600713012478 129.256789382308 8.79144385026738 30.3679075795339
closure-compiler 1730 0.10 6.68034682080925 73.5468289647903 2.19079131476839 5.60336466761617 10.1447004188619 15.4568275637262 1.04089737252571 1.05550231831557 1.39653179190751 2.92176562989556 1.15953757225434 1.11407412275294 5.26416184971098 13.2159244173073 121.44161849711 372.141173455191 2.80635838150289 6.10464604462331 0.57514450867052 4.86775554847831 10.671098265896 36.9311479719009 0.515028901734104 4.06782500354062 8.30578034682081 35.4402799448022 30.3410404624277 116.369967013597 10.5127167630058 44.9690737520653
closure-compiler 1802 0.10 6.89400665926748 74.28205604848 2.17736743282238 5.80824487312536 9.96208262122091 15.0133654571462 1.04126696500282 1.05363385402596 1.4361820199778 3.02709960195649 1.15593784683685 1.10502900312393 5.26415094339623 13.3672398266633 119.891231964484 376.947274115803 2.71087680355161 5.68126013495878 0.572697003329634 4.92694980344489 10.6742508324084 37.6120778240801 0.462819089900111 3.50996114664887 8.31520532741398 36.1027204034505 30.7169811320755 119.175940794164 11.134295227525 50.1343752383665
closure-compiler 1836 0.10 7.0239651416122 75.9561215135834 2.21741585798376 5.92830698570894 9.98415910820459 14.9783785927056 1.04839039925754 1.06601504705151 1.48910675381264 3.088413976631 1.1661220043573 1.11720085906418 5.28159041394335 13.3533291475222 120.953159041394 384.420203199074 2.70806100217865 5.71624773066629 0.576252723311547 5.02062908543146 10.7549019607843 38.1174558328982 0.457516339869281 3.52242224331827 8.38562091503268 36.6402867895098 31.047385620915 120.381815091007 11.6759259259259 54.2848385150282
closure-compiler 1759 0.11 7.25355315520182 79.9570025068607 2.26876576402368 6.24658160778597 9.99581506786869 15.2034566392956 1.06506364105486 1.05964181358038 1.48038658328596 3.13890350422407 1.18533257532689 1.12818417548426 5.47356452529846 14.1953805387789 127.542353610006 415.349008633787 2.87833996588971 5.98024643416705 0.594087549744173 5.19572429177181 11.246162592382 41.0758227524186 0.537805571347356 3.7373400962674 8.76691301876066 39.5969054703957 32.664013644116 129.292268042951 12.3968163729392 58.1554887971098
closure-compiler 1806 0.10 7.34108527131783 83.3492265631963 2.26616819080875 6.23856540734235 10.1254096638932 15.25748418996 1.06448110427673 1.05940330448976 1.50442967884828 3.20573106623332 1.18715393133998 1.12260627977689 5.4656699889258 14.1990084227028 128.247508305648 419.179815417045 2.88815060908084 6.01574142003344 0.599667774086379 5.46576146259779 11.2530454042082 41.348082306051 0.538759689922481 3.75752517876978 8.76301218161683 39.90008691535 32.7779623477298 129.624165787781 12.7823920265781 61.0857599777475
closure-compiler 2004 0.08 7.0813373253493 80.1301977915368 2.18948243366774 6.14127519451841 9.73656972901208 14.6366724834452 1.09586231598939 1.07022889902644 1.58632734530938 4.04320558684622 1.14520958083832 1.08655469458814 5.20059880239521 13.7897948490089 122.88373253493 415.089261860473 2.94560878243513 6.73613186257052 0.602794411177645 5.43053184885298 10.9181636726547 40.6951734694128 0.748502994011976 5.00420419897045 8.25399201596806 39.0076974242831 32.3018962075848 128.609923442111 13.5933133732535 75.4282350796355
closure-compiler 1573 0.04 7.53019707565162 95.7274472527661 2.12443452684801 6.55202555205379 9.4417417797146 11.3434895840125 1.07351650909483 1.09172513169043 1.46280991735537 3.18862824967241 1.08200890019072 0.904618082529198 5.37507946598856 15.4379803108531 124.28798474253 475.694958696839 2.82326764144946 6.90110385039198 0.642720915448188 6.22598230773549 11.5092180546726 46.662430171693 0.828989192625556 5.42054557294811 9.10044500953592 45.1357729078061 34.5651621106167 145.002620338883 12.0292434837889 55.7979283977985
closure-compiler 1596 0.04 8.09461152882206 100.386321845057 2.19353280827351 6.9060830890143 9.55321795152115 11.6296054634929 1.1061236188987 1.12313377721313 1.58458646616541 3.25774513119954 1.07644110275689 0.907880574867493 5.50501253132832 15.725644648906 128.991854636591 491.121099223899 2.83646616541353 6.73494222800229 0.633458646616541 6.29248311614269 11.671679197995 43.8831160532761 0.795739348370927 5.07902509759988 9.18796992481203 42.2684331922565 36.3151629072682 144.239622278852 13.234962406015 60.9153834676266
closure-compiler 1649 0.04 8.91934505761067 101.337165143774 2.16695774759552 6.89224313612155 9.5581282506432 12.4934631229203 1.121957162046 1.15725313254682 1.7107337780473 3.61454552160405 1.10551849605822 0.930092835722227 5.97149787750152 17.8053059548489 135.396604002426 565.715861591684 2.90600363856883 7.58721261367654 0.65009096422074 6.43682435828339 12.0012128562765 46.8081707920425 0.827774408732565 5.20519997261421 9.45178896300788 45.1764637231407 37.5021224984839 150.76103914437 15.6476652516677 71.9429566604885
closure-compiler 1724 0.04 9.28480278422274 105.405193809818 2.05361959915199 5.88907950676552 9.44762317099734 11.795745742034 1.11773785227436 1.16002906919429 1.70533642691415 3.68431530723863 1.11426914153132 0.951672925739005 6.06902552204176 18.1316009808344 137.986658932715 591.217567111911 2.91067285382831 7.64195295280988 0.646171693735499 6.34837733565112 12.0916473317865 47.3631793711128 0.847447795823666 5.26593311016943 9.50986078886311 45.6934880850198 38.241879350348 154.409026602747 16.0429234338747 74.0851685682053
closure-compiler 1860 0.04 9.99139784946237 112.689207008503 2.03535032272614 5.63700452104243 9.39408545127007 10.8559091651484 1.11320109640006 1.13209814638663 1.82258064516129 3.81691343812489 1.11612903225806 0.969385082907212 6.17741935483871 18.5284546536407 139.247311827957 609.805598806673 2.95967741935484 8.46001180781097 0.641397849462366 6.49747798822118 11.9887096774194 46.519604125522 0.910752688172043 6.26478605778183 9.41075268817204 44.7727763053437 39.108064516129 155.441517101627 18.4327956989247 84.7029572246097
composite 17 0.10 2.47058823529412 8.00091906485455 3.75604575163399 4.56080154367297 20.1929499442053 26.7217846316886 1.75166586959987 2.03560172405186 0.529411764705882 0.874474632195206 0 0 4.23529411764706 9.73093913610543 301.352941176471 716.689694112493 20.1764705882353 16.8494632485639 0 0 8.64705882352941 19.0096724605876 9.52941176470588 16.7709482702187 8.64705882352941 19.0096724605876 43.6470588235294 104.365907494061 4.05882352941176 10.0216677020051
cppcheck 338 0.07 16.6301775147929 104.486262953378 2.99020163656157 6.2021166854151 14.7814745206861 17.8042440033684 0.797815590519949 0.842833202580872 2.86390532544379 3.61735826890419 0.627218934911243 0.802499037777909 5.62426035502959 21.4681657264662 433.692307692308 1074.64873289359 2.57100591715976 4.85419328590634 0.35207100591716 3.60723948568838 18.6331360946746 41.1210310604801 1.34023668639053 4.11693786592469 7.21597633136095 22.0270425734723 73.2514792899408 159.575825202012 24.0325443786982 85.0903628949947
cqual 78 0.28 25.1923076923077 46.7463611174418 3.94862117329205 11.3338298703106 23.8300503382337 58.7799988629761 1.60542635934416 1.00418697207735 4.12820512820513 6.44327692372581 0 0 9.1025641025641 35.9015934036974 453.384615384615 826.267389046547 25.3846153846154 81.5126841805475 0 0 24.8461538461538 49.5423410472654 25.3846153846154 81.5126841805475 24.8461538461538 49.5423410472654 146.192307692308 273.991850181778 37.5512820512821 103.898757843643
cseq 106 0.06 11.6981132075472 37.3745953470869 3.27724268921966 1.47146610135607 15.4660728456471 5.08384032222159 1.07165288835062 0.416957875055838 2.82075471698113 0.944126402063185 0 0 8.90566037735849 15.8237484583784 236.292452830189 248.412520464348 32.0188679245283 33.2960690178215 0 0 14.0943396226415 16.9630008025236 32.0188679245283 33.2960690178215 14.0943396226415 16.9630008025236 76 54.2154432400426 26.9339622641509 37.2405996749642
ejb 244 0.14 11.1188524590164 30.8821970688141 2.05235352745051 1.76490795683822 8.23436673870802 9.61641364675365 1.15675403561736 0.692934564328991 5.73770491803279 13.3125166380242 1.51639344262295 1.10541954538304 7.31967213114754 20.2739535281505 126.475409836066 557.137624583162 4.55737704918033 8.65863747759196 0.709016393442623 7.28839772620622 12.8770491803279 40.1385620376496 2.24180327868852 8.33178593202613 10.2909836065574 21.6396165582908 46.4713114754098 231.607078216005 187.565573770492 1474.73742093396
error-prone 1703 0.00 1.9078097475044 22.840561747605 1.1596914063496 1.66062953697444 5.39541741409041 7.98021896351559 0.667409149500828 0.885066742815921 0.513799177921315 1.62664103513317 0.652965355255432 0.905623677351691 2.6347621843805 5.62586053366354 26.6018790369935 72.7964504128248 0.756312389900176 2.30386555582134 0.415149735760423 4.20085389009016 3.15443335290664 6.80819924685176 0.139166177334116 0.8873102041216 2.79448032883147 6.43087021518047 5.90546095126248 15.2378668038404 2.57428068115091 11.9042980095829
findbugs 1044 0.05 5.48467432950192 20.7384468591477 2.23880064381273 3.00455857977235 9.10645650134567 10.2432592911735 0.997670943513401 0.773289619808572 2.3735632183908 3.94500914658777 1.39080459770115 1.71914707278068 3.18869731800766 7.0258955768029 70.3869731800766 148.777387684189 3.01628352490421 6.44295888953443 0.57088122605364 3.4998636857816 6.86781609195402 11.4249293714054 0.511494252873563 2.05645677020302 5.78927203065134 10.1146656880758 21.8793103448276 42.5189461250093 9.22222222222222 40.2779704502358
findbugs 1216 0.06 5.65871710526316 21.6903264474764 2.22727558614059 2.98172525735244 9.2653270607384 11.1847562788009 1.02597977689137 0.81410041701057 2.45476973684211 4.08384474857631 1.41694078947368 1.76933435199968 3.26480263157895 6.86619521051015 69.7302631578947 149.287397934832 2.82483552631579 6.16345862281466 0.565789473684211 3.0936995369263 6.80756578947368 11.2485927933702 0.527960526315789 2.12239660755416 5.67763157894737 9.9111124223113 21.4375 41.8399581592218 9.94983552631579 43.2341499296278
findbugs 1257 0.05 5.72076372315036 22.0992799704525 2.20089252194017 2.92041381158644 9.21674312375571 11.0455241261694 1.02389634885068 0.80986268657323 2.50198886237072 4.18370407644218 1.42084327764519 1.78287454550356 3.18456642800318 6.71610270175791 69.7183770883055 148.60074620232 2.81066030230708 6.13962650785945 0.557677008750994 3.0847978927161 6.70326173428799 11.0431376444445 0.533015115354017 2.13047344412197 5.57517899761337 9.74128491704111 21.3906125696102 41.4974599140949 9.40572792362769 40.5929683004954
findbugs 1258 0.05 5.82034976152623 22.377277781175 2.20945113254399 2.93150967385474 9.24923094222078 11.1355053090898 1.02137213684865 0.809981528004862 2.5516693163752 4.27989894735273 1.42607313195548 1.7935677526735 3.18998410174881 6.73900257956976 70.2678855325914 149.754731120256 2.84101748807631 6.18169620230899 0.558823529411765 3.0951686964053 6.73847376788553 11.161038532387 0.558028616852146 2.20006941218513 5.60810810810811 9.87123934403323 21.5794912559618 41.8880820373246 9.65182829888712 40.9519918085876
findbugs 1261 0.05 5.83901665344964 22.4154198693924 2.21616810626873 2.96798282909805 9.26318165449686 11.2842151729893 1.02038057692855 0.809699788382241 2.55828707375099 4.30604649633911 1.42268041237113 1.79277902129941 3.20222045995242 6.77046772098373 70.52260111023 150.505203743471 2.85804916732752 6.21286369067039 0.558287073750991 3.0967168866807 6.75971451229183 11.231976514682 0.570182394924663 2.2451073538247 5.62569389373513 9.93587884921231 21.6613798572561 42.2092896680927 9.75495638382236 41.6890157350164
findbugs 1275 0.05 5.91137254901961 22.8017698970501 2.23846338159888 2.99538437499359 9.34643209681913 11.3910425588151 1.01957760147843 0.80910464851292 2.5921568627451 4.42395377556568 1.42196078431373 1.79283965186495 3.20627450980392 6.75581903975363 71.2635294117647 151.781305570408 2.86117647058824 6.16189410491607 0.55921568627451 3.12711833579991 6.77647058823529 11.3335089678376 0.581960784313725 2.25706375887961 5.63450980392157 10.0219414533028 21.8329411764706 42.7966919494211 10.1858823529412 44.2295189888625
findbugs 1354 0.06 5.95864106351551 23.5271176573343 2.23725550172254 2.99411220166101 9.49935426173885 12.9305740692974 1.02237452371816 0.803458267364624 2.62259970457903 4.61465165967731 1.39143279172821 1.78491267151236 3.30797636632201 6.90215503773996 71.890694239291 155.502109321735 2.81979320531758 6.08731913135984 0.549483013293944 3.11271201388461 6.83677991137371 11.6354114654679 0.619645494830133 2.34420192245523 5.69645494830133 10.2675315786327 21.9143279172821 43.7308341466878 11.5014771048744 66.8498361186861
findbugs 1459 0.06 6.00274160383825 23.7028933460091 2.22015108100838 3.01048034872326 9.24726332120647 14.4086469497042 1.0093388045043 0.792293160437208 2.65387251542152 4.77851025251528 1.34955448937629 1.76378116914555 3.50788211103496 7.42464011014959 72.0932145305003 155.976949782302 2.82590815627142 6.20874757209983 0.525017135023989 2.97887358621371 7.09527073337903 12.3597136779262 0.638793694311172 2.48378062048859 5.95613433858807 11.0685354847053 22.507882111035 45.6480892446147 12.6847155586018 59.4938583656769
findbugs 1465 0.06 6.01706484641638 23.8303798474567 2.2200082718498 3.02179460165031 9.2454809781431 14.5311149795989 1.0091864579657 0.792315421531365 2.66143344709898 4.78942304254259 1.35085324232082 1.7675083248981 3.52081911262799 7.44522874212641 72.2928327645051 156.567373577918 2.82389078498294 6.20816951534294 0.524232081911263 2.98394952283787 7.11262798634812 12.4141427473592 0.638907849829352 2.48107347379104 5.96860068259386 11.1016341665986 22.5610921501706 45.823288384502 12.8061433447099 58.432571391237
findbugs 1469 0.06 6.01293396868618 23.8368482959827 2.2160811089792 3.02530432827044 9.1940390539237 13.7501377175352 1.01027269274752 0.795009899626129 2.66167460857726 4.80256319792568 1.34853641933288 1.76584869972329 3.53437712729748 7.45291824942485 72.5405037440436 157.143153205838 2.81756296800545 6.19973558345723 0.523485364193329 2.97634174571497 7.12525527569775 12.4304866347357 0.639210347174949 2.4810976799694 5.97617426820967 11.1164313080606 22.5507147719537 45.8750485135834 12.8876786929884 58.7108468118803
findbugs 1489 0.06 6.00134318334453 24.0177745184333 2.23167142651732 3.06331378943525 9.24324852985541 13.7409882916055 1.00832920142937 0.795799842292779 2.658159838818 4.84192344908508 1.34385493619879 1.77117493972628 3.53458697112156 7.47704681092477 72.5802552048355 158.120200338358 2.79919408999328 6.18753511084358 0.519811954331766 2.96639620014387 7.07454667562122 12.4325796129631 0.640026863666891 2.49125545914479 5.93149764942915 11.1184063690951 22.4197447951645 46.0361056547962 12.9086635325722 59.3766769895627
findbugs 1438 0.07 6.07440890125174 24.370302584289 2.24299210108856 3.05946952493878 9.78068392436482 14.0573229859202 1.0049421036635 0.803894385819274 2.70514603616134 4.86869924851954 1.3692628650904 1.82248414182603 3.55563282336579 7.60823315968954 75.4255910987483 150.837309385798 2.70166898470097 5.02180464741477 0.526425591098748 3.02189825306391 7.06328233657858 12.3002124809052 0.659248956884562 2.53370212889978 6.00278164116829 11.3231151142102 22.2079276773296 42.7728445973719 12.9360222531293 58.2016155644554
findbugs 1486 0.07 6.19179004037685 25.5541458527107 2.30504966476772 3.21732688140643 9.93969126947438 14.3713073018567 1.00894040110032 0.804004571042917 2.79946164199192 4.95190604185391 1.36944818304172 1.83863749647426 3.53970390309556 7.50556056357865 75.606998654105 150.568647134147 2.71265141318977 5.02051697295326 0.52557200538358 3.09039222160617 6.99865410497981 12.1795212930594 0.655450874831763 2.51320965962014 5.93472409152086 11.1971818314965 22.278600269179 42.9211998938636 13.0349932705249 57.5713767519161
findsecuritybugs 91 0.03 2.03296703296703 6.32358996044098 2.47995950663051 1.75001874953139 10.8304540283913 9.51600265795091 1.07422511408623 0.533032131129643 0.725274725274725 1.08592954616908 1.50549450549451 1.56612491607383 1.73626373626374 1.34027497042099 43.1428571428571 63.0931536043811 2.67032967032967 2.9778998753967 0.21978021978022 1.30641322203792 4.06593406593407 5.52328846854078 0.142857142857143 0.692361956901937 2.98901098901099 3.42699902893513 11.6593406593407 20.4043676044669 1.69230769230769 4.98819118339016
guizmo 306 0.02 7.67647058823529 23.7198796466852 1.48301947016112 1.17197570175477 5.31154395797181 6.28230986859491 0.641334869770869 0.687325525090164 1.34640522875817 2.77771048884534 2.27124183006536 1.75973817734397 4.53921568627451 9.05502838509998 69.2058823529412 139.518610656008 7.01633986928105 29.5830544261824 0.859477124183007 1.87735209091035 9.30392156862745 13.3392967217127 4.72875816993464 29.3934578941878 7.78758169934641 12.8901020370705 28.7156862745098 56.652008333474 4.88235294117647 13.7299200272147
gumtree 190 0.04 3.12631578947368 13.1307967135895 1.71582692615776 1.27456329568738 7.8177285164617 6.83428360472427 1.05221253758866 0.796397996248674 1.24736842105263 1.52817227381876 0.852631578947368 0.782999537832668 3.43157894736842 6.54759155458647 41.0631578947368 84.9392949150319 2.27894736842105 8.78738146208404 0.447368421052632 1.31530205396988 5.52105263157895 8.74307459555611 0.842105263157895 7.68880969241765 4.45263157894737 8.22728512641797 14.7157894736842 23.6330694493046 4.38421052631579 10.7892148361612
indus 524 0.02 4.40648854961832 10.8377939676814 1.55211091275722 1.21745792699584 7.99374553728235 8.55818465451896 0.898426813758806 0.693920516762515 1.71564885496183 3.51196580061412 1.30725190839695 1.16639730886123 3.83969465648855 5.06790115198781 64.9751908396947 112.50892191077 2.21374045801527 3.57012810175079 0.570610687022901 1.68470081461406 6.28435114503817 7.26823304690152 0.320610687022901 1.20557770366727 4.85687022900763 6.12275092623678 16.8893129770992 26.4034581196162 5.64312977099237 18.3851021068241
inputtracer 2045 0.23 10.5227383863081 71.7165005723028 1.46907728208514 7.19124815228703 16.7629185192813 96.8852097951097 0.701095307575164 1.07096413203745 2.74523227383863 6.67861125862046 0.0039119804400978 0.0765214375795202 2.58728606356968 16.3272200990626 192.333496332518 961.497262904654 4.1080684596577 9.49938500611132 0.00244498777506112 0.049398411545034 6.67775061124694 31.1815327268576 4.08117359413203 9.50704047445176 6.67139364303179 31.1813172942321 36.1158924205379 220.867449616608 28.6068459657702 216.009748167538
jastadd 59 0.10 5.23728813559322 10.2727275078252 1.48355686046855 0.950637792142292 6.01993570210046 4.73353485396317 0.915430521134134 0.655697395794367 1.1864406779661 1.43207802078906 0.779661016949153 0.911001658088682 8.35593220338983 21.1429964860499 101.440677966102 176.681407329929 1.84745762711864 2.59849797012809 0.322033898305085 1.0412306704933 17.8474576271186 34.9397577905082 0.423728813559322 1.35447393822394 16.2203389830508 34.8034222438413 38.6949152542373 73.5923661327038 9.47457627118644 22.3100069801712
jflow 177 0.02 1.34463276836158 5.59117476329374 1.64076336841266 2.25741130991333 8.08437867751939 7.04863536646207 0.820471774027554 0.690919973282493 0.610169491525424 1.1920706176536 0.655367231638418 0.665622577374778 3.36158192090396 5.43915662175993 40.5706214689266 69.4221836774341 1.75141242937853 4.9158036814561 0.124293785310734 0.914732750101846 4.75706214689266 6.34364108608537 0.615819209039548 3.71106737449457 3.55367231638418 4.88489096428185 10.3785310734463 18.6754028826688 2.76271186440678 9.64837300765861
jlint 44 0.45 4.61363636363636 5.85569056992768 4.43007674144038 11.2666722657285 18.3612209759937 37.6492342635154 1.31404876688968 1.21825393003019 2.52272727272727 4.48505858696865 0.386363636363636 0.492544843474156 2 1.91687730558092 155 499.960324007211 3.88636363636364 4.94723746775591 0.409090909090909 1.63277737154571 4.06818181818182 5.45338694532817 3.75 4.91379169656278 4.04545454545455 5.38280874833406 20.0227272727273 44.4304989719971 5.59090909090909 9.65044445733467
lotrack 4059 0.03 6.61172702636117 38.5727250941791 1.86212083431916 3.35247767311987 11.5863131927091 97.7710199266532 0.75777480016516 0.707720728865327 2.24907612712491 7.14234597119681 1.53683173195368 1.61355486554026 3.52451342695245 6.7092014178557 67.9586104951959 206.50932734044 1.48435575264844 5.52167101617042 0.65730475486573 4.76568539125305 6.13353042621335 15.1580926869318 0.424735156442474 3.93765348657777 5.29859571322986 14.6270719088209 18.1825572801183 54.8916350915152 10.4786893323479 69.6225140096929
mpanalyzer 240 0.01 1.325 10.5216751772503 2.22555266203704 6.71472807437105 12.4756615410053 27.8102182154914 0.497411541005291 1.10320316561627 0.5875 1.84114129149018 0.866666666666667 0.340645052222845 1.675 2.6454745443594 38.3791666666667 81.9244088729185 1.07083333333333 2.52004170229602 0.6375 9.68358454413607 2.29583333333333 3.7528208822986 0.6875 1.89644293768613 1.925 3.22039135852959 5.21666666666667 11.2864441467799 1.45 5.42479970900725
pixy 229 0.10 6.83842794759825 15.9608926994522 1.98727211720044 1.91830335084949 17.294829458138 85.200413818066 1.0584416022557 0.827788153014031 2.8471615720524 5.10832252439621 0.707423580786026 0.626173914776694 3.57205240174673 3.78713260934322 130.930131004367 351.655987711576 2.68995633187773 4.10337200850593 0.550218340611354 3.73970662671187 8.37991266375546 14.21883289037 0.436681222707424 2.82092111817273 6.73799126637555 12.223840575017 25.9039301310044 49.7729884497924 17.1703056768559 58.0930272591662
pmd 844 0.06 6.83293838862559 34.2096225235848 1.77105425997991 1.72726698340854 7.37824209719638 7.56299673414864 0.952924755973343 0.766499667146021 2.00947867298578 2.42709208789105 1.80450236966825 1.54748596139226 3.27962085308057 5.14326304781036 60.9964454976303 347.933671617166 2.36018957345972 8.4949571510644 0.677725118483412 4.6052140793625 6.89218009478673 22.4675114959717 0.875592417061611 7.87129092857804 5.32582938388626 9.99723549684594 23.2677725118483 160.326296447701 6.67417061611374 15.3780897008146
pmd 852 0.06 6.86854460093897 34.4688295128379 1.76695401991658 1.74764136251174 7.37255868110265 7.55881206955189 0.952705715573106 0.765478384700219 2.00704225352113 2.43456256527307 1.81103286384977 1.54850152770101 3.29694835680751 5.24330159280386 62.0704225352113 359.003359581948 2.37676056338028 8.60478782495655 0.678403755868545 4.61844799081252 6.95539906103286 23.0216345693012 0.880281690140845 7.94692948799629 5.36150234741784 10.1703849511817 23.5176056338028 164.02618924735 6.81807511737089 17.1145584237223
pmd 1043 0.03 6.95493767976989 35.8176079387751 1.72372320223558 1.79408584283198 7.2748794020261 7.73723479882673 1.00941337541032 0.806512087962095 1.98945349952061 2.54458968189906 1.77372962607862 1.57127532091656 3.44678811121764 5.20978305516952 58.7459252157239 325.815748230193 2.34036433365292 7.93702242727634 0.629913710450623 4.61857497821559 6.92905081495686 21.0860304740348 0.905081495685523 7.25658104037042 5.3758389261745 9.75735714061056 22.2061361457335 148.724799251529 6.68456375838926 17.4845481955142
pmd 1052 0.02 5.81653992395437 32.8826242323889 1.72460715746869 2.161432956883 7.48646077274013 9.96988895967123 0.982551314152166 0.799847694647017 1.82699619771863 2.5045179552915 1.75950570342205 1.57470337410826 3.30798479087452 4.03766907724168 42.1939163498099 66.5247172328897 1.8212927756654 3.95964455557489 0.615019011406844 4.59916456025982 5.9828897338403 8.78778734861624 0.39828897338403 1.75418947215974 5.07604562737643 8.36397946965444 16.0551330798479 26.5032321652637 6.22623574144487 18.4202489596381
pmd 1238 0.02 6.12439418416801 37.7257349543532 1.68649940121916 1.99635130692265 7.44341902153976 9.4844658071417 0.972631838385823 0.789049533370943 1.80452342487884 2.46834357885989 1.92245557350565 1.72493148553648 3.22778675282714 3.96546980783481 43.9103392568659 71.3205219652898 1.77867528271405 3.85921997843178 0.651857835218094 4.34365990238626 6.17124394184168 10.2007218460133 0.375605815831987 1.6927118717342 5.30290791599354 9.84345575936532 16.7334410339257 29.1364536434081 6.15751211631664 17.8579295226787
pmd 1254 0.02 6.20255183413078 38.7819384310657 1.68846231010519 1.99444537285771 7.61283520082296 9.63657077403696 0.970395973981268 0.790160181027767 1.82934609250399 2.51309103442814 1.91866028708134 1.72759938651562 3.17543859649123 3.9731143046169 44.2822966507177 72.2405756603334 1.77591706539075 3.85387862331393 0.649920255183413 4.33745312304276 6.14832535885167 10.2369536805158 0.371610845295056 1.68435582522331 5.26076555023923 9.8519661369609 16.8484848484848 29.3087046675671 6.16507177033493 17.8891423138253
pmd 1295 0.02 6.14362934362934 38.20686478837 1.67640751265284 1.9671451479439 7.65987991834982 9.84910433409634 0.961286623131403 0.799824916906094 1.83783783783784 2.54449521688843 1.87876447876448 1.70732715517895 3.13513513513514 3.90035778402362 43.6555984555985 71.255219700403 1.75907335907336 3.76295607186523 0.649420849420849 4.1738529845897 6.07953667953668 10.1255185804957 0.354440154440154 1.56426278469825 5.1953667953668 9.72987449309046 16.7250965250965 29.0286078364678 6.03088803088803 16.3992583916172
pmd 1341 0.01 6.08501118568233 37.9898092062331 1.67451499741829 1.98710768102941 7.71212569567664 9.78564336987099 0.940709212925422 0.792658258236276 1.84936614466816 2.5657869470455 1.84340044742729 1.69747707740875 3.09768829231916 3.88800325088409 44.0425055928412 71.46763476422 1.74198359433259 3.71410445239667 0.648023862788964 4.167022923766 6.02162565249814 10.0376296800633 0.357941834451902 1.55116420396392 5.137956748695 9.66349794527978 16.6360924683072 28.6010438845677 5.98657718120805 16.2215941941889
pmd 1342 0.02 6.09538002980626 38.0506137999959 1.67586021050145 1.98622422350334 7.71968173684743 9.78177990801003 0.939574357724507 0.792409843725949 1.85245901639344 2.57081463907081 1.84202682563338 1.69759001150295 3.10134128166915 3.9005360714666 44.1609538002981 71.5774494563613 1.74217585692996 3.71874675658287 0.647540983606557 4.16550649487801 6.03502235469449 10.0521145374306 0.358420268256334 1.55068478557933 5.14530551415797 9.67521281657616 16.6803278688525 28.659510326971 6.07004470938897 16.6659824422709
pmd 1374 0.01 6.04075691411936 38.0824393985077 1.63314990083599 1.49614442859203 7.55581707803012 8.14741703072589 0.933910449629746 0.805413476827259 1.84061135371179 2.56540004908489 1.81441048034935 1.69306771148284 3.07423580786026 3.89617886158792 43.7780203784571 71.4878263755075 1.74235807860262 3.70318997541932 0.641193595342067 4.13008682954666 5.97743813682678 9.98980910379453 0.367540029112082 1.55299496504981 5.08879184861718 9.60589644247535 16.5844250363901 28.583730477214 6.03639010189229 16.5903950945049
pmd 1332 0.02 6.1951951951952 38.6167402694447 1.68022773100492 1.99861628677507 7.70679814404275 9.84034264173224 0.938964666277197 0.791312327300524 1.87687687687688 2.58322156710748 1.86786786786787 1.70444787483663 3.09084084084084 3.91149342452616 44.1921921921922 71.9334089691255 1.73498498498498 3.72610843533848 0.654654654654655 4.23157083023735 6.02252252252252 10.0650522839591 0.361861861861862 1.5567363090211 5.13288288288288 9.70207904980177 16.7304804804805 28.7528947680938 6.14189189189189 16.7764768241108
pmd 1366 0.02 6.1398243045388 38.6286945059823 1.64083225152336 1.50879555270517 7.56999728680426 8.20443879931925 0.934912816840079 0.805869444424529 1.8696925329429 2.59060082850436 1.83601756954612 1.70095166975469 3.06295754026354 3.90703185464544 43.8601756954612 71.7399674218172 1.74670571010249 3.71358856841392 0.646412884333821 4.19071163959672 5.96412884333821 10.0089060089972 0.371888726207906 1.55840637279687 5.07686676427526 9.63734072533642 16.6456808199122 28.7085456450275 6.10688140556369 16.6715391115467
pmd 1530 0.01 5.99542483660131 39.4573804394124 1.59907750541864 1.44477943821839 7.34823174356074 7.91467136258162 0.963273865267576 0.802298200087512 1.85555555555556 2.53595179812599 1.83398692810458 1.68939149104989 3.01895424836601 4.22041895071491 41.756862745098 69.9704205136351 1.64052287581699 3.61544969659829 0.620915032679739 4.06729934349691 5.85228758169935 10.3262863125207 0.35359477124183 1.50075307643893 5.02418300653595 9.97879062875506 16.0901960784314 28.5144915475498 5.89869281045752 15.960040384298
ptyasm 883 0.02 5.31710079275198 20.427772538992 1.54190585917688 1.27799231172787 9.42572110699151 11.6245468246107 0.995513474836535 0.731081235916166 2.10305775764439 3.50665414499044 1.11664779161948 1.24948301212034 5.39297848244621 15.2861829206678 68.3884484711212 104.918604463441 1.01925254813137 6.22469231785959 0.494903737259343 1.91684473198813 8.22650056625142 16.8543413022662 0.813137032842582 6.17508779766451 7.37146092865232 16.605676187681 19.0509626274066 31.3316453931253 11.6115515288788 29.7678044090601
rats 19 0.21 3.89473684210526 6.27069672579536 3.81587066909629 3.52723172888992 21.4698769888953 20.7413253644921 0.944186443678501 0.697241562670768 1.21052631578947 1.39757517660733 0 0 14.1578947368421 21.3001386482048 645.578947368421 679.005344095274 22.5263157894737 19.3401379434717 0 0 20.3157894736842 20.4967548422751 22.5263157894737 19.3401379434717 20.3157894736842 20.4967548422751 190.421052631579 230.772932119065 22.3157894736842 37.7477779060186
reassert 169 0.05 2.55621301775148 7.96185697722472 1.23692677541134 0.849113468935679 5.72556827790997 5.53242278755771 0.494074999784268 0.784582828547301 0.946745562130177 1.53242864756439 0.556213017751479 0.968909476370707 3.44378698224852 6.93580941491818 51.8284023668639 107.742197366054 0.875739644970414 1.756604090799 0.171597633136095 0.786885318076204 6.40828402366864 10.7793973466491 0.142011834319527 0.526622865736248 5.44970414201183 9.67563904780328 15.1834319526627 32.7264376898232 5.10650887573965 23.1650499830174
smatch 483 0.10 16.4948240165631 89.1829526285358 2.32415700807913 2.05924736641836 11.4656825217864 10.1712312759262 1.40562861513914 3.28637684986991 4.13664596273292 6.2221964752053 0 0 2.82608695652174 10.841692931027 152.378881987578 445.443742727235 4.824016563147 16.4566601311422 0 0 9.65631469979296 25.8830335912188 4.824016563147 16.4566601311422 9.65631469979296 25.8830335912188 57.1718426501035 159.483533255921 42.3312629399586 458.129778759879
sonarqube-plugin 143 0.03 2.88811188811189 7.90356034507474 1.65413432721125 1.07309083446233 39.3425446348523 181.035782809396 1.25485753562677 1.04440008013249 1.37062937062937 1.62150304850604 1.68531468531469 0.937629468390414 2.53146853146853 1.49083678083865 67.972027972028 183.693634415381 6.88111888111888 25.9165751276075 0.573426573426573 1.44129006419528 3.55244755244755 2.63422309063678 5.55244755244755 26.0088496103116 2.78321678321678 2.20159948302592 17.7622377622378 34.3271251595254 3.93706293706294 6.02718814595291
sparta 268 0.01 0.690298507462687 3.24833277669677 1.13110325616855 2.36017121043719 4.27765665973688 6.5531499975748 0.599882340665923 0.743870174313959 0.238805970149254 0.78543963669118 0.511194029850746 0.614940141755075 2.22014925373134 4.0934821646517 27.634328358209 69.3628078783989 2.01492537313433 16.1620932909376 0.119402985074627 0.670901636258347 3.17910447761194 6.00106201121533 1.58955223880597 16.0384429024481 2.35820895522388 4.98447475070783 5.55223880597015 12.8095044091751 1.22014925373134 5.9592911104793
splint 681 0.20 24.7400881057269 112.621378936335 2.10774017010246 4.15235783301194 14.8634685162378 29.0216632696137 1.21037664310761 0.664549263725241 5.75330396475771 11.1709020033193 0 0 4.93098384728341 18.5732950385613 235.778267254038 918.126560799022 6.00734214390602 19.4406700475061 0 0 11.3039647577093 34.5894424409418 6.00734214390602 19.4406700475061 11.3039647577093 34.5894424409418 67.71953010279 264.292906334246 54.8091042584435 370.915772870404
srcml 871 0.03 3.81515499425947 16.3981790394325 0.99389224247877 1.62990983633597 19.1317126575307 92.8381038789504 0.637525063594157 1.26421116707328 1.24684270952928 2.52389245482194 0.611940298507463 1.47890757325289 3.06773823191734 7.42881957519659 54.7049368541906 188.950072979736 1.63834672789897 5.29900003788268 0.200918484500574 1.07416862543845 3.86222732491389 9.46958029140629 1.02296211251435 4.72016227533116 3.21928817451206 8.31541401839498 11.1113662456946 38.5659935586484 14.5017221584386 107.870301791202
tacle 34 0.20 4.41176470588235 8.07959512584043 1.89290263993984 1.1262350406962 18.7164068270253 57.0725392151851 0.895055660410332 0.607710515421015 1.70588235294118 2.45603044799883 0.705882352941177 0.718981255907142 2.61764705882353 2.33568763325548 143.441176470588 233.061858244267 3.91176470588235 4.38570437353567 0.441176470588235 0.894128201457549 11 9.68597861953978 0.0294117647058824 0.171498585142509 9.29411764705882 8.18175876389595 35.6176470588235 42.3914047218997 2.73529411764706 3.62908138914729
uno 19 0.42 28 45.1097427269197 4.86952055351496 3.72864575664802 38.0420346960231 53.7017622729028 1.38479458768512 0.574925030051287 2.89473684210526 3.19539141824432 0 0 2.36842105263158 2.19115713508714 828.526315789474 996.771085300546 30.3157894736842 33.0404678329452 0 0 28.3684210526316 36.4740555072534 30.3157894736842 33.0404678329452 28.3684210526316 36.4740555072534 246.052631578947 373.045644166473 9.21052631578947 13.7823516271451
wala 1685 0.02 7.00652818991098 20.6952914451273 1.68689500446198 1.6484842039925 6.83641117449898 8.25066469430304 0.954777123236099 0.914639527468991 2.44391691394659 4.2706776671344 1.45341246290801 1.41034371881077 3.74302670623145 4.97987222860003 56.9845697329377 112.072316105718 2.50326409495549 9.60920580135042 0.678338278931751 1.91376737107271 7.38041543026706 10.4242304554058 0.862908011869436 8.95373871109808 5.88724035608309 6.88860188334026 22.5655786350148 44.3015471569482 12.2729970326409 59.34027855317
wala 1223 0.02 6.96402289452167 19.4185616781787 1.65171727186295 1.28662720660218 6.82218472035748 8.06763627499237 0.905513687943661 0.889585512871355 2.6573998364677 4.47409807965982 1.34750613246116 1.22217304448181 3.6034341782502 4.3512574678964 57.7023712183156 102.142200799794 2.79721995094031 10.9002211177377 0.686835650040883 1.93322615928676 7.41455437448896 8.3338100703197 0.980376124284546 10.2612968774112 6.17743254292723 6.99628713423311 23.0662305805397 37.432160517624 10.4358135731807 26.5399169976744
wala 1720 0.02 6.91686046511628 21.4076083619914 1.69158733764787 1.66051050475602 6.94074574596859 8.37258666730915 0.963054681256352 0.867303171246324 2.41453488372093 4.46324506413928 1.35988372093023 1.38768622253275 3.9 5.36328847747462 57.4151162790698 116.550606961595 2.3046511627907 9.56689690848858 0.654069767441861 1.93332302934426 7.33488372093023 10.5034166295532 0.686627906976744 8.69481575900874 5.84593023255814 6.95954283566521 21.9872093023256 44.6641902272828 13.0540697674419 68.1623151387029
wala 1872 0.02 6.71314102564103 20.6558804323484 1.65208345454847 1.60921901170426 6.7048015432456 8.18006035934926 0.93732649919589 0.894816412971976 2.36752136752137 4.42800627868037 1.38782051282051 1.38257505891317 3.80929487179487 5.20919500471333 55.4604700854701 112.296643391223 2.33173076923077 9.16296414456854 0.659722222222222 1.87649716539479 7.17254273504274 10.0738393250788 0.801816239316239 8.52723726815811 5.74519230769231 6.70359941967446 21.4423076923077 43.0113639492067 12.0657051282051 62.9365265167978
wala 1901 0.02 6.48290373487638 21.3992952954725 1.64594063226804 1.67940883261758 6.85133386208821 8.36121155106894 0.93152736636913 0.84094444069079 2.26249342451341 4.41099199853513 1.2277748553393 1.32076004586635 3.78274592319832 5.4841049774148 55.4018937401368 125.052580421581 2.19621251972646 9.3942259066027 0.620725933719095 1.95145605533427 6.96265123619148 10.5932537677665 0.668069437138348 8.42188726864129 5.51183587585481 6.91987920843745 20.8821672803787 46.8249573887507 12.326144134666 63.9385387064324
wala 1903 0.02 6.45191802417236 21.0687042778385 1.66714303515466 1.6828601824591 6.91897516232605 8.38641522536281 0.931076923469161 0.840811694117788 2.24487651077246 4.40985701332964 1.23226484498161 1.3186638352788 3.77982133473463 5.48244234812862 55.915922228061 125.65748127843 2.20651602732528 9.39975163556661 0.621124540199685 1.95370052410779 6.96006305832895 10.5921167041165 0.669469259064635 8.41831837175195 5.51024697845507 6.91899768851153 20.838675775092 46.8891430032459 12.2601156069364 63.8877344193707
wala 1734 0.02 6.84025374855825 21.858601762834 1.67803016205685 1.65304343606955 6.95626211801002 8.299787861355 0.975333330322252 0.8503282861646 2.40599769319493 4.5415424031797 1.30795847750865 1.36343101311746 3.84140715109573 5.35466786601274 57.0334486735871 118.950561333409 2.2923875432526 9.67625869897279 0.635524798154556 1.94880401461573 7.18108419838524 10.5842357808149 0.702998846597462 8.76289074046084 5.70242214532872 6.95216737251142 21.6828143021915 45.4216607317187 12.9434832756632 68.1855960702881
wala 1945 0.02 6.35064267352185 20.7958782035163 1.64305390586117 1.66576348707779 6.85670005890228 8.53586093253624 0.939247314387083 0.854136013078956 2.20462724935733 4.45499663731126 1.23393316195373 1.32337337286487 3.90334190231362 6.11682511810926 55.2431876606684 124.514245413211 2.18457583547558 9.3280611563032 0.622622107969152 1.98567459943471 6.95835475578406 10.6092112594162 0.658611825192802 8.33392955434802 5.51568123393316 7.01085914476383 20.4236503856041 44.416802237779 13.4272493573265 78.2883701918512
wala 2092 0.01 6.31835564053537 21.1035339791715 1.63387167542614 1.50840030691751 6.97741890587748 8.74362680892448 0.929840632178992 0.825509565735604 2.24235181644359 4.50888530461029 1.17351816443595 1.28747282593746 3.84942638623327 6.04706430909477 55.2619502868069 124.232308214204 2.18785850860421 9.06264851409155 0.612332695984704 1.9745634749281 6.89053537284895 10.5139549406361 0.647705544933078 8.07181299253306 5.45602294455067 7.0029355773542 20.3097514340344 44.7164790790759 13.6448374760994 80.6364067162793
wala 2143 0.02 6.28978068128791 21.0132127545822 1.63661988979147 1.56563891941013 6.97909234367376 8.90445949820167 0.942821433691911 0.83512122458885 2.26224918338777 4.54465425899158 1.17032197853476 1.27183680184597 3.85534297713486 7.09818944060334 54.5076994867009 123.384514368977 2.07232851143257 8.85255793639028 0.601959869342044 1.95794626588375 6.75921605226318 10.5061841084443 0.600559962669155 7.92365766297726 5.33504433037797 7.11363802973616 19.9365375641624 43.7319917271583 13.9164722351843 88.4337995569323
wala 2154 0.02 6.32126276694522 21.1071590376495 1.63908503462028 1.57075466569102 7.00356560010666 9.02732084556228 0.942680053202752 0.832571437464177 2.27623026926648 4.53743488869571 1.16666666666667 1.27047406526802 3.83565459610028 7.07992398317478 54.5394614670381 123.190326515677 2.07474466109564 8.83131294314972 0.600742804085422 1.96138272831358 6.75348189415042 10.496457254847 0.599814298978644 7.90400604906465 5.32404828226555 7.10801194844636 20.0018570102136 43.820549871826 13.7270194986072 87.0977676377549
wala 2626 0.02 6.54950495049505 23.6105389249433 1.68645273985765 1.72565796221481 7.44619663283529 9.68120869418611 1.00436713152362 0.929005461663743 2.46648895658797 4.7070181048416 1.18926123381569 1.26715837575842 3.72353389185072 6.71956023519917 57.2136329017517 134.269933026816 2.3027418126428 8.90663359543936 0.60967250571211 2.07671116531289 6.58682406702209 10.0977829554001 0.823305407463823 8.08526027991238 5.23381568926123 7.01944068228458 20.4226961157654 43.4206481814772 13.9592536176695 82.7251390135679
wala 2636 0.02 6.53907435508346 23.5610151047688 1.68722301035411 1.74446294741228 7.44483386887038 9.68422127869422 1.00680294626102 0.930029968025587 2.46471927162367 4.71002479244537 1.19119878603945 1.26755390722355 3.72799696509863 6.72772094807811 57.1183611532625 134.19344426042 2.29931714719272 8.89297184860823 0.608877086494689 2.07485645932966 6.57701062215478 10.0919372789941 0.821320182094082 8.0730263226366 5.22496206373293 7.02226325432061 20.3653262518968 43.4535988461588 13.9309559939302 82.6150705384462
wap 338 0.24 2.76923076923077 14.0304882098425 2.15507665914298 5.25411525085974 26.4239479063283 123.38791495742 0.599399617788441 1.54864753305315 1.00591715976331 3.62892606003487 0.982248520710059 0.504853273993445 4.12721893491124 14.5097459916169 250.828402366864 1365.54299375606 6.81360946745562 53.4837743330013 0.0828402366863905 0.684028200983841 4.6301775147929 14.9655164646747 6.49408284023669 51.60005084089 4.46449704142012 14.7292149952182 12.3284023668639 40.5273306813821 18.8165680473373 128.325261663731
