acc accm amloc an anpm asom auv bd bf cbo da dbz df dit dnp dupv fgbo lcom4 loc mlk mmloc noa noc nom npa npm obaa osf pitfc rfc rogu rsva saigv sc ua uaf uav
ApplyReplacements 4 3.66666666666667 22.2222222222222 0 2.22222222222222 0 0 0 0 5 0 0 0 0 0 0 0 6 200 0 44 0 0 9 0 9 0 0 0 22 0 0 0 30 0 0 0
ClangApplyReplacementsMain 0 2 12.25 0 2.75 0 0 0 0 8 0 0 0 0 0 0 0 3 147 0 79 1 0 12 1 12 0 0 0 42 0 0 0 24 0 0 0
'@75::ScopedFileRemover' 0 0 0 0 0 0 0 0 0 8 0 0 0 0 0 0 0 0 0 0 0 2 0 0 0 0 0 0 0 0 0 0 0 0 0 0 0
AddOverride 0 1 1 0 2.5 0 0 0 0 8 0 0 0 0 0 0 0 2 2 0 1 1 0 2 1 2 0 0 0 2 0 0 0 16 0 0 0
'@55::AddOverrideFactory' 0 0 0 0 0 0 0 0 0 8 0 0 0 0 0 0 0 0 0 0 0 0 0 0 0 0 0 0 0 0 0 0 0 0 0 0 0
AddOverrideTransform 0 1.66666666666667 9.33333333333333 0 1.66666666666667 0 0 0 0 10 0 0 0 1 0 0 0 1 28 0 20 1 0 3 0 3 0 0 0 10 0 0 0 10 0 0 0
AddOverrideFixer 0 3.66666666666667 17 0 1.66666666666667 0 0 0 0 10 0 0 0 1 0 0 0 2 51 0 46 4 0 3 0 3 0 0 0 10 0 0 0 20 0 0 0
AddOverrideMatchers 2 1 5 0 0 0 0 0 0 10 0 0 0 0 0 0 0 1 5 0 5 1 0 1 1 1 0 0 0 2 0 0 0 10 0 0 0
CustomMatchers 0 3 13 0 2 0 0 0 0 10 0 0 0 0 0 0 0 1 13 0 13 0 0 1 0 1 0 0 0 1 0 0 0 10 0 0 0
IncludeDirectives 0 3.9 21.8 0 1.8 0 0 0 0 11 0 0 0 0 0 0 0 3 218 0 42 5 0 10 0 6 0 0 0 42 0 0 0 33 0 0 0
IncludeDirectivesPPCallback 0 1.73333333333333 9.86666666666667 0 2.86666666666667 0 0 0 0 12 0 0 0 1 0 0 0 15 148 0 40 3 0 15 0 2 0 0 0 30 0 0 0 180 0 0 0
IncludeDirectivesPPCallback::GuardDetection 1 1 2.5 0 0.5 0 0 0 0 12 0 0 0 0 0 0 0 2 5 0 3 7 0 2 7 2 0 0 0 2 0 0 0 24 0 0 0
IncludeDirectives::Entry 0 1 1.5 0 0.75 0 0 0 0 12 0 0 0 0 0 0 0 4 6 0 3 3 0 4 1 4 0 0 0 4 0 0 0 48 0 0 0
IncludeExcludeInfo 9 3.6 13.2 0 1.2 0 0 0 0 12 0 0 0 0 0 0 0 5 66 0 28 2 0 5 0 5 0 0 0 7 0 0 0 60 0 0 0
PerfSupport 2 1 26 0 1.66666666666667 0 0 0 0 13 0 0 0 0 0 0 0 3 78 0 56 0 0 3 0 3 0 0 0 7 0 0 0 39 0 0 0
PerfItem 0 1 2 0 2 0 0 0 0 13 0 0 0 0 0 0 0 1 2 0 2 2 0 1 2 1 0 0 0 1 0 0 0 13 0 0 0
Refactoring 0 0 0 0 0 0 0 0 0 13 0 0 0 0 0 0 0 0 0 0 0 0 0 0 0 0 0 0 0 0 0 0 0 0 0 0 0
ReplacementHandling 1 2.33333333333333 13.8888888888889 0 1 0 0 0 0 15 0 0 0 0 0 0 0 2 125 0 41 5 0 9 0 9 0 0 0 25 0 0 0 30 0 0 0
Transform 17 1.24 3.2 0 0.68 0 0 0 0 17 0 0 0 0 0 0 0 20 80 0 11 9 9 25 1 19 0 0 0 50 0 0 0 340 0 0 0
'@40::ActionFactory' 0 0 0 0 0 0 0 0 0 17 0 0 0 0 0 0 0 0 0 0 0 2 0 0 0 0 0 0 0 0 0 0 0 0 0 0 0
'@40::ActionFactory::FactoryAdaptor' 0 0 0 0 0 0 0 0 0 17 0 0 0 0 0 0 0 0 0 0 0 2 0 0 1 0 0 0 0 0 0 0 0 0 0 0 0
TransformOptions 7 0 0 0 0 0 0 0 0 17 0 0 0 0 0 0 0 0 0 0 0 3 0 0 3 0 0 0 0 0 0 0 0 0 0 0 0
Version 3 1.45454545454545 3.09090909090909 0 0.818181818181818 0 0 0 0 17 0 0 0 0 0 0 0 9 34 0 15 2 0 11 0 11 0 0 0 17 0 0 0 153 0 0 0
CompilerVersions 2 0 0 0 0 0 0 0 0 17 0 0 0 0 0 0 0 0 0 0 0 4 0 0 4 0 0 0 0 0 0 0 0 0 0 0 0
TransformFactory 1 1.33333333333333 2.66666666666667 0 0.666666666666667 0 0 0 0 19 0 0 0 0 0 0 0 3 8 0 6 1 1 3 0 3 0 0 0 8 0 0 0 57 0 0 0
Transforms 1 2.125 6.5 0 0.5 0 0 0 0 20 0 0 0 0 0 0 0 4 52 0 23 3 0 8 1 7 0 0 0 23 0 0 0 80 0 0 0
LoopActions 7 2.94444444444444 12 0 2.33333333333333 0 0 0 0 20 0 0 0 0 0 0 0 5 216 0 41 0 0 18 0 18 0 0 0 44 0 0 0 100 0 0 0
Usage 0 1 2 0 2 0 0 0 0 20 0 0 0 0 0 0 0 2 4 0 2 3 0 2 3 2 0 0 0 2 0 0 0 40 0 0 0
Confidence 3 1 2 0 0.666666666666667 0 0 0 0 20 0 0 0 0 0 0 0 3 6 0 3 1 0 3 0 3 0 0 0 3 0 0 0 60 0 0 0
ForLoopIndexUseVisitor 0 2.5 11.5555555555556 0 0.944444444444444 0 0 0 0 22 0 0 0 1 0 0 0 18 208 0 44 15 0 18 1 9 0 0 0 41 0 0 0 396 0 0 0
TUTrackingInfo 0 1 2 0 0 0 0 0 0 22 0 0 0 0 0 0 0 1 8 0 5 3 0 4 0 4 0 0 0 11 0 0 0 22 0 0 0
LoopFixer 0 7.4 58.4 0 6.8 0 0 0 0 25 0 0 0 1 0 0 0 5 292 0 109 7 0 5 0 2 0 0 0 30 0 0 0 125 0 0 0
LoopConvert 0 1 1 0 2 0 0 0 0 25 0 0 0 0 0 0 0 1 1 0 1 1 0 1 1 1 0 0 0 1 0 0 0 25 0 0 0
'@63::LoopConvertFactory' 0 0 0 0 0 0 0 0 0 25 0 0 0 0 0 0 0 0 0 0 0 0 0 0 0 0 0 0 0 0 0 0 0 0 0 0 0
LoopConvertTransform 0 1.33333333333333 14.6666666666667 0 1.66666666666667 0 0 0 0 25 0 0 0 1 0 0 0 1 44 0 35 1 0 3 0 3 0 0 0 12 0 0 0 25 0 0 0
LoopMatchers 2 1 73.6666666666667 0 0 0 0 0 0 25 0 0 0 0 0 0 0 1 221 0 119 16 0 3 16 3 0 0 0 26 0 0 0 25 0 0 0
StmtAncestor 0 0 0 0 0 0 0 0 0 25 0 0 0 0 0 0 0 0 0 0 0 0 0 0 0 0 0 0 0 0 0 0 0 0 0 0 0
StmtAncestorASTVisitor 3 1.5 4.5 0 0.5 0 0 0 0 25 0 0 0 1 0 0 0 5 27 0 7 3 0 6 0 4 0 0 0 12 0 0 0 125 0 0 0
ComponentFinderASTVisitor 1 1 3.2 0 0.6 0 0 0 0 26 0 0 0 1 0 0 0 5 16 0 4 1 0 5 0 3 0 0 0 6 0 0 0 130 0 0 0
DependencyFinderASTVisitor 0 2.25 9.25 0 1.75 0 0 0 0 26 0 0 0 1 0 0 0 4 37 0 21 5 0 4 0 2 0 0 0 5 0 0 0 104 0 0 0
DeclFinderASTVisitor 1 2 8 0 1.16666666666667 0 0 0 0 26 0 0 0 1 0 0 0 6 48 0 19 3 0 6 0 2 0 0 0 10 0 0 0 156 0 0 0
VariableNamer 0 4.66666666666667 24.6666666666667 0 2.33333333333333 0 0 0 0 27 0 0 0 0 0 0 0 2 74 0 38 6 0 3 0 2 0 0 0 6 0 0 0 54 0 0 0
PassByValue 0 1 1 0 2 0 0 0 0 27 0 0 0 0 0 0 0 1 1 0 1 1 0 1 1 1 0 0 0 1 0 0 0 27 0 0 0
'@26::PassByValueFactory' 0 0 0 0 0 0 0 0 0 27 0 0 0 0 0 0 0 0 0 0 0 0 0 0 0 0 0 0 0 0 0 0 0 0 0 0 0
PassByValueTransform 0 1.33333333333333 10.6666666666667 0 1.66666666666667 0 0 0 0 28 0 0 0 1 0 0 0 1 32 0 23 2 0 3 0 2 0 0 0 11 0 0 0 28 0 0 0
PassByValueActions 0 1.5 7 0 2.5 0 0 0 0 28 0 0 0 0 0 0 0 2 14 0 9 0 0 2 0 2 0 0 0 2 0 0 0 56 0 0 0
'@28::ExactlyOneUsageVisitor' 0 0 0 0 0 0 0 0 0 28 0 0 0 0 0 0 0 0 0 0 0 2 0 0 0 0 0 0 0 0 0 0 0 0 0 0 0
ConstructorParamReplacer 0 3.66666666666667 31 0 1.66666666666667 0 0 0 0 28 0 0 0 1 0 0 0 2 93 0 86 4 0 3 0 2 0 0 0 12 0 0 0 56 0 0 0
PassByValueMatchers 2 1.4 7.6 0 0.8 0 0 0 0 28 0 0 0 0 0 0 0 3 38 0 21 3 0 5 3 5 0 0 0 10 0 0 0 84 0 0 0
ReplaceAutoPtr 1 1 1 0 2 0 0 0 0 28 0 0 0 0 0 0 0 1 1 0 1 1 0 1 1 1 0 0 0 1 0 0 0 28 0 0 0
ReplaceAutoPtrFactory 0 1 4.5 0 0.5 0 0 0 0 29 0 0 0 1 0 0 0 2 9 0 6 0 0 2 0 2 0 0 0 3 0 0 0 58 0 0 0
ReplaceAutoPtrTransform 0 1.5 11.5 0 1.5 0 0 0 0 30 0 0 0 1 0 0 0 1 23 0 21 0 0 2 0 2 0 0 0 7 0 0 0 30 0 0 0
AutoPtrReplacer 1 2.25 10.5 0 1.75 0 0 0 0 31 0 0 0 1 0 0 0 1 42 0 27 2 0 4 0 2 0 0 0 13 0 0 0 31 0 0 0
OwnershipTransferFixer 0 2 10.5 0 1.5 0 0 0 0 32 0 0 0 1 0 0 0 2 21 0 19 2 0 2 0 2 0 0 0 8 0 0 0 64 0 0 0
ReplaceAutoPtrMatchers 4 1 6.5 0 0.5 0 0 0 0 32 0 0 0 0 0 0 0 2 26 0 14 5 0 4 5 4 0 0 0 10 0 0 0 64 0 0 0
ClangModernize 0 2.32142857142857 10.3214285714286 0 2.78571428571429 0 0 0 0 35 0 0 0 0 0 0 0 8 289 0 172 9 0 28 9 28 0 0 0 94 0 0 0 280 0 0 0
UseAuto 0 1 1 0 2 0 0 0 0 35 0 0 0 0 0 0 0 1 1 0 1 1 0 1 1 1 0 0 0 1 0 0 0 35 0 0 0
'@70::UseAutoFactory' 0 0 0 0 0 0 0 0 0 35 0 0 0 0 0 0 0 0 0 0 0 0 0 0 0 0 0 0 0 0 0 0 0 0 0 0 0
UseAutoTransform 0 1.5 13.5 0 1.5 0 0 0 0 36 0 0 0 1 0 0 0 1 27 0 25 0 0 2 0 2 0 0 0 7 0 0 0 36 0 0 0
IteratorReplacer 1 4.5 28.5 0 2 0 0 0 0 37 0 0 0 1 0 0 0 1 57 0 55 2 0 2 0 2 0 0 0 9 0 0 0 37 0 0 0
NewReplacer 0 4.5 35 0 2 0 0 0 0 38 0 0 0 1 0 0 0 2 70 0 68 2 0 2 0 2 0 0 0 10 0 0 0 76 0 0 0
UseAutoMatchers 3 2.83333333333333 21 0 1.66666666666667 0 0 0 0 39 0 0 0 0 0 0 0 6 126 0 29 3 0 6 3 6 0 0 0 13 0 0 0 234 0 0 0
'@49::MacroArgUsageVisitor' 0 0 0 0 0 0 0 0 0 39 0 0 0 0 0 0 0 0 0 0 0 5 0 0 0 0 0 0 0 0 0 0 0 0 0 0 0
'@49::CastSequenceVisitor' 0 0 0 0 0 0 0 0 0 39 0 0 0 0 0 0 0 0 0 0 0 7 0 0 1 0 0 0 0 0 0 0 0 0 0 0 0
NullptrActions 0 0 0 0 0 0 0 0 0 39 0 0 0 0 0 0 0 0 0 0 0 0 0 0 0 0 0 0 0 0 0 0 0 0 0 0 0
NullptrFixer 0 1 9 0 2 0 0 0 0 40 0 0 0 1 0 0 0 1 18 0 10 3 0 2 0 2 0 0 0 8 0 0 0 40 0 0 0
NullptrMatchers 2 1.33333333333333 10.3333333333333 0 1.33333333333333 0 0 0 0 40 0 0 0 0 0 0 0 3 31 0 21 1 0 3 1 3 0 0 0 4 0 0 0 120 0 0 0
UseNullptr 0 1 1 0 3 0 0 0 0 40 0 0 0 0 0 0 0 2 2 0 1 1 0 2 1 2 0 0 0 2 0 0 0 80 0 0 0
'@45::UseNullptrFactory' 0 0 0 0 0 0 0 0 0 40 0 0 0 0 0 0 0 0 0 0 0 0 0 0 0 0 0 0 0 0 0 0 0 0 0 0 0
UseNullptrTransform 0 2 13 0 1.5 0 0 0 0 40 0 0 0 1 0 0 0 1 26 0 24 0 0 2 0 2 0 0 0 5 0 0 0 40 0 0 0
Query 0 0 0 0 0 0 0 0 0 40 0 0 0 0 0 0 0 0 0 0 0 1 0 0 1 0 0 0 0 0 0 0 0 0 0 0 0
clang::query::@5::CollectBoundNodes 0 0 0 0 0 0 0 0 0 40 0 0 0 0 0 0 0 0 0 0 0 1 0 0 1 0 0 0 0 0 0 0 0 0 0 0 0
clang::query::Query 11 1 1 0 1 0 0 0 0 40 0 0 0 1 0 0 0 1 3 0 1 1 6 3 1 3 0 0 0 5 0 0 0 40 0 0 0
clang::query::InvalidQuery 0 1 2 0 1.33333333333333 0 0 0 0 41 0 0 0 2 0 0 0 3 6 0 4 1 0 3 1 3 0 0 0 4 0 0 0 123 0 0 0
clang::query::NoOpQuery 0 1 1.66666666666667 0 1 0 0 0 0 41 0 0 0 2 0 0 0 3 5 0 3 0 0 3 0 3 0 0 0 4 0 0 0 123 0 0 0
clang::query::HelpQuery 0 1 6 0 1 0 0 0 0 41 0 0 0 2 0 0 0 3 18 0 16 0 0 3 0 3 0 0 0 4 0 0 0 123 0 0 0
clang::query::MatchQuery 0 4.66666666666667 22.3333333333333 0 1.33333333333333 0 0 0 0 42 0 0 0 2 0 0 0 3 67 0 64 1 0 3 1 3 0 0 0 10 0 0 0 126 0 0 0
clang::query::LetQuery 0 1.33333333333333 3.66666666666667 0 1.66666666666667 0 0 0 0 42 0 0 0 2 0 0 0 3 11 0 8 2 0 3 2 3 0 0 0 6 0 0 0 126 0 0 0
clang::query::SetQueryKind 0 0 0 0 0 0 0 0 0 42 0 0 0 0 0 0 0 0 0 0 0 0 0 0 0 0 0 0 0 0 0 0 0 0 0 0 0
'clang::query::SetQueryKind< bool >' 0 0 0 0 0 0 0 0 0 42 0 0 0 0 0 0 0 0 0 0 0 1 0 0 1 0 0 0 0 0 0 0 0 0 0 0 0
'clang::query::SetQueryKind< OutputKind >' 0 0 0 0 0 0 0 0 0 42 0 0 0 0 0 0 0 0 0 0 0 1 0 0 1 0 0 0 0 0 0 0 0 0 0 0 0
clang::query::SetQuery 0 1 3 0 1.66666666666667 0 0 0 0 42 0 0 0 2 0 0 0 3 9 0 4 2 0 3 2 3 0 0 0 3 0 0 0 126 0 0 0
QueryParser 0 0 0 0 0 0 0 0 0 42 0 0 0 0 0 0 0 0 0 0 0 0 0 0 0 0 0 0 0 0 0 0 0 0 0 0 0
clang::query::QueryParser::LexOrCompleteWord 0 1.66666666666667 6 0 2.33333333333333 0 0 0 0 42 0 0 0 0 0 0 0 3 18 0 13 4 0 3 4 3 0 0 0 3 0 0 0 126 0 0 0
clang::query::QueryParser 0 3.9 17.8 0 1 0 0 0 0 43 0 0 0 0 0 0 0 8 178 0 92 5 0 10 0 3 0 0 0 21 0 0 0 344 0 0 0
clang::query::QuerySession 3 1 2 0 1 0 0 0 0 43 0 0 0 0 0 0 0 1 2 0 2 4 0 1 4 1 0 0 0 1 0 0 0 43 0 0 0
ClangQuery 0 3.2 12.4 0 2.4 0 0 0 0 43 0 0 0 0 0 0 0 2 62 0 58 0 0 5 0 5 0 0 0 9 0 0 0 86 0 0 0
clang::rename::RenamingASTConsumer 0 3 17.5 0 3 0 0 0 0 44 0 0 0 1 0 0 0 2 35 0 27 5 0 2 0 2 0 0 0 9 0 0 0 88 0 0 0
clang::rename::RenamingAction 0 1 5 0 2.5 0 0 0 0 44 0 0 0 0 0 0 0 1 10 0 6 5 0 2 1 2 0 0 0 3 0 0 0 44 0 0 0
ClangRename 0 1.625 9.125 0 2.25 0 0 0 0 44 0 0 0 0 0 0 0 1 73 0 64 1 0 8 1 8 0 0 0 20 0 0 0 44 0 0 0
USRFinder 110 3 16 0 1.5 0 0 0 0 44 0 0 0 0 0 0 0 2 32 0 23 3 0 2 0 2 0 0 0 6 0 0 0 88 0 0 0
clang::rename::@399::NamedDeclFindingASTVisitor 0 0 0 0 0 0 0 0 0 44 0 0 0 0 0 0 0 0 0 0 0 3 0 0 0 0 0 0 0 0 0 0 0 0 0 0 0
USRFindingAction 1 2 25 0 1 0 0 0 0 44 0 0 0 0 0 0 0 1 25 0 25 0 0 1 0 1 0 0 0 2 0 0 0 44 0 0 0
clang::rename::NamedDeclFindingConsumer 0 6 33 0 1 0 0 0 0 45 0 0 0 1 0 0 0 1 33 0 33 3 0 1 3 1 0 0 0 7 0 0 0 45 0 0 0
clang::rename::USRFindingAction 1 1 4.25 0 0.25 0 0 0 0 45 0 0 0 0 0 0 0 3 17 0 9 3 0 4 0 4 0 0 0 7 0 0 0 135 0 0 0
USRLocFinder 2 1 7 0 2 0 0 0 0 45 0 0 0 0 0 0 0 1 7 0 7 2 0 1 0 1 0 0 0 2 0 0 0 45 0 0 0
clang::rename::@396::USRLocFindingASTVisitor 0 0 0 0 0 0 0 0 0 45 0 0 0 0 0 0 0 0 0 0 0 2 0 0 0 0 0 0 0 0 0 0 0 0 0 0 0
ClangTidy 131 1.83333333333333 13.1666666666667 0 2.16666666666667 0 0 0 0 47 0 0 0 0 0 0 0 4 79 0 39 13 0 6 0 6 0 0 0 14 0 0 0 188 0 0 0
clang::tidy::@290::AnalyzerDiagnosticConsumer 0 0 0 0 0 0 0 0 0 47 0 0 0 0 0 0 0 0 0 0 0 1 0 0 0 0 0 0 0 0 0 0 0 0 0 0 0
clang::tidy::@290::ErrorReporter 0 0 0 0 0 0 0 0 0 47 0 0 0 0 0 0 0 0 0 0 0 10 0 0 0 0 0 0 0 0 0 0 0 0 0 0 0
clang::tidy::@290::ClangTidyASTConsumer 0 0 0 0 0 0 0 0 0 47 0 0 0 0 0 0 0 0 0 0 0 2 0 0 0 0 0 0 0 0 0 0 0 0 0 0 0
clang::tidy::OptionsView 5 1.4 2.6 0 2.4 0 0 0 0 47 0 0 0 0 0 0 0 3 13 0 7 2 0 5 0 5 0 0 0 12 0 0 0 141 0 0 0
clang::tidy::ClangTidyCheck 66 1 2.22222222222222 0 1.11111111111111 0 0 0 0 49 0 0 0 1 0 0 0 9 20 0 6 3 40 9 0 6 0 0 0 20 0 0 0 441 0 0 0
clang::tidy::ClangTidyASTConsumerFactory 5 3.6 22.2 0 0.8 0 0 0 0 51 0 0 0 0 0 0 0 1 111 0 50 2 0 5 0 4 0 0 0 35 0 0 0 51 0 0 0
ClangTidyDiagnosticConsumer 0 3 11 0 1 0 0 0 0 51 0 0 0 0 0 0 0 2 22 0 15 0 0 2 0 2 0 0 0 2 0 0 0 102 0 0 0
'@283::ClangTidyDiagnosticRenderer' 0 0 0 0 0 0 0 0 0 51 0 0 0 0 0 0 0 0 0 0 0 1 0 0 0 0 0 0 0 0 0 0 0 0 0 0 0
'@283::LessClangTidyError' 0 0 0 0 0 0 0 0 0 51 0 0 0 0 0 0 0 0 0 0 0 0 0 0 0 0 0 0 0 0 0 0 0 0 0 0 0
clang::tidy::ClangTidyMessage 1 1 5 0 2 0 0 0 0 51 0 0 0 0 0 0 0 2 10 0 8 3 0 2 3 2 0 0 0 5 0 0 0 102 0 0 0
clang::tidy::ClangTidyError 2 1 3 0 2 0 0 0 0 51 0 0 0 0 0 0 0 1 3 0 3 5 0 1 5 1 0 0 0 1 0 0 0 51 0 0 0
clang::tidy::GlobList 9 1.66666666666667 4.33333333333333 0 1.33333333333333 0 0 0 0 51 0 0 0 0 0 0 0 3 13 0 8 3 0 3 0 2 0 0 0 7 0 0 0 153 0 0 0
clang::tidy::ClangTidyStats 3 1 3.5 0 0 0 0 0 0 51 0 0 0 0 0 0 0 2 7 0 4 5 0 2 5 2 0 0 0 2 0 0 0 102 0 0 0
clang::tidy::ProfileData 1 0 0 0 0 0 0 0 0 51 0 0 0 0 0 0 0 0 0 0 0 1 0 0 1 0 0 0 0 0 0 0 0 0 0 0 0
clang::tidy::ClangTidyContext 13 1.29411764705882 4.47058823529412 0 0.705882352941177 0 0 0 0 52 0 0 0 0 0 0 0 9 76 0 24 9 0 17 0 15 0 0 0 44 0 0 0 468 0 0 0
clang::tidy::ClangTidyDiagnosticConsumer 1 4.14285714285714 22.8571428571429 0 1.14285714285714 0 0 0 0 55 0 0 0 1 0 0 0 1 160 0 60 6 0 7 0 4 0 0 0 61 0 0 0 55 0 0 0
clang::tidy::ClangTidyCheckFactories 4 1.33333333333333 3.66666666666667 0 0.833333333333333 0 0 0 0 55 0 0 0 0 0 0 0 1 22 0 9 1 0 6 0 6 0 0 0 22 0 0 0 55 0 0 0
clang::tidy::ClangTidyModule 4 1 1.66666666666667 0 0.333333333333333 0 0 0 0 55 0 0 0 0 0 0 0 3 5 0 3 0 4 3 0 3 0 0 0 3 0 0 0 165 0 0 0
ClangTidyModuleRegistry 0 0 0 0 0 0 0 0 0 55 0 0 0 0 0 0 0 0 0 0 0 0 0 0 0 0 0 0 0 0 0 0 0 0 0 0 0
ClangTidyOptions 7 1.2 5.2 0 1.4 0 0 0 0 55 0 0 0 0 0 0 0 5 26 0 10 0 0 5 0 5 0 0 0 6 0 0 0 275 0 0 0
'llvm::yaml::SequenceTraits< FileFilter::LineRange >' 0 1.5 4 0 2.5 0 0 0 0 55 0 0 0 0 0 0 0 2 8 0 5 0 0 2 0 2 0 0 0 4 0 0 0 110 0 0 0
'llvm::yaml::MappingTraits< FileFilter >' 0 2.5 6.5 0 2 0 0 0 0 55 0 0 0 0 0 0 0 2 13 0 9 0 0 2 0 2 0 0 0 5 0 0 0 110 0 0 0
'llvm::yaml::MappingTraits< ClangTidyOptions::StringPair >' 0 1 4 0 2 0 0 0 0 55 0 0 0 0 0 0 0 1 4 0 4 0 0 1 0 1 0 0 0 1 0 0 0 55 0 0 0
llvm::yaml::NOptionMap 0 1.33333333333333 3 0 1.33333333333333 0 0 0 0 55 0 0 0 0 0 0 0 3 9 0 6 1 0 3 1 3 0 0 0 3 0 0 0 165 0 0 0
'llvm::yaml::MappingTraits< ClangTidyOptions >' 0 1 9 0 2 0 0 0 0 55 0 0 0 0 0 0 0 1 9 0 9 0 0 1 0 1 0 0 0 6 0 0 0 55 0 0 0
clang::tidy::FileFilter 0 0 0 0 0 0 0 0 0 55 0 0 0 0 0 0 0 0 0 0 0 2 0 0 2 0 0 0 0 0 0 0 0 0 0 0 0
clang::tidy::ClangTidyGlobalOptions 5 0 0 0 0 0 0 0 0 55 0 0 0 0 0 0 0 0 0 0 0 1 0 0 1 0 0 0 0 0 0 0 0 0 0 0 0
clang::tidy::ClangTidyOptions 14 4 18 0 0.5 0 0 0 0 55 0 0 0 0 0 0 0 1 36 0 23 6 0 2 6 2 0 0 0 17 0 0 0 55 0 0 0
clang::tidy::ClangTidyOptionsProvider 2 1 1 0 0.333333333333333 0 0 0 0 55 0 0 0 0 0 0 0 3 3 0 1 0 1 3 0 3 0 0 0 3 0 0 0 165 0 0 0
clang::tidy::DefaultOptionsProvider 4 1 3 0 1 0 0 0 0 55 0 0 0 1 0 0 0 3 9 0 3 2 1 3 0 3 0 0 0 3 0 0 0 165 0 0 0
clang::tidy::FileOptionsProvider 0 4 26 0 2.25 0 0 0 0 57 0 0 0 2 0 0 0 1 104 0 48 3 0 4 0 3 0 0 0 22 0 0 0 57 0 0 0
AvoidCStyleCastsCheck 0 2.5 10 0 2 0 0 0 0 57 0 0 0 0 0 0 0 2 20 0 11 0 0 2 0 2 0 0 0 2 0 0 0 114 0 0 0
clang::tidy::google::readability::AvoidCStyleCastsCheck 0 6.33333333333333 42 0 1.33333333333333 0 0 0 0 57 0 0 0 2 0 0 0 1 126 0 113 0 0 3 0 3 0 0 0 10 0 0 0 57 0 0 0
ExplicitConstructorCheck 0 3.33333333333333 13.6666666666667 0 2.33333333333333 0 0 0 0 57 0 0 0 0 0 0 0 2 41 0 22 0 0 3 0 3 0 0 0 6 0 0 0 114 0 0 0
clang::tidy::google::ExplicitConstructorCheck 0 3 19 0 1.33333333333333 0 0 0 0 57 0 0 0 2 0 0 0 1 57 0 51 0 0 3 0 3 0 0 0 10 0 0 0 57 0 0 0
clang::tidy::google::build::ExplicitMakePairCheck 0 1.66666666666667 13.3333333333333 0 1.33333333333333 0 0 0 0 57 0 0 0 2 0 0 0 1 40 0 27 0 0 3 0 3 0 0 0 9 0 0 0 57 0 0 0
clang::tidy::google::readability::GlobalNamesInHeadersCheck 0 2.66666666666667 12.6666666666667 0 1.33333333333333 0 0 0 0 57 0 0 0 2 0 0 0 1 38 0 30 0 0 3 0 3 0 0 0 10 0 0 0 57 0 0 0
GoogleTidyModule 1 1 1 0 2 0 0 0 0 57 0 0 0 0 0 0 0 1 1 0 1 1 0 1 1 1 0 0 0 1 0 0 0 57 0 0 0
clang::tidy::google::GoogleModule 0 1 22.5 0 0.5 0 0 0 0 59 0 0 0 1 0 0 0 2 45 0 35 0 0 2 0 2 0 0 0 5 0 0 0 118 0 0 0
clang::tidy::google::runtime::IntegerTypesCheck 0 4.66666666666667 26 0 1.33333333333333 0 0 0 0 59 0 0 0 2 0 0 0 1 78 0 71 3 0 3 0 3 0 0 0 10 0 0 0 59 0 0 0
MemsetZeroLengthCheck 0 2 15 0 2 0 0 0 0 59 0 0 0 0 0 0 0 1 15 0 15 0 0 1 0 1 0 0 0 3 0 0 0 59 0 0 0
clang::tidy::google::runtime::MemsetZeroLengthCheck 0 2 15.6666666666667 0 1.33333333333333 0 0 0 0 59 0 0 0 2 0 0 0 1 47 0 36 0 0 3 0 3 0 0 0 9 0 0 0 59 0 0 0
clang::tidy::google::runtime::OverloadedUnaryAndCheck 0 1 7 0 1.33333333333333 0 0 0 0 59 0 0 0 2 0 0 0 1 21 0 14 0 0 3 0 3 0 0 0 9 0 0 0 59 0 0 0
clang::tidy::google::runtime::StringReferenceMemberCheck 0 1 6.66666666666667 0 1.33333333333333 0 0 0 0 59 0 0 0 2 0 0 0 1 20 0 12 0 0 3 0 3 0 0 0 9 0 0 0 59 0 0 0
clang::tidy::google::readability::TodoCommentCheck::TodoCommentHandler 0 2 12.5 0 2 0 0 0 0 60 0 0 0 1 0 0 0 2 25 0 22 3 0 2 0 2 0 0 0 8 0 0 0 120 0 0 0
clang::tidy::google::readability::TodoCommentCheck 0 1 3.5 0 1.5 0 0 0 0 60 0 0 0 2 0 0 0 2 7 0 4 1 0 2 0 2 0 0 0 3 0 0 0 120 0 0 0
clang::tidy::google::build::UnnamedNamespaceInHeaderCheck 0 1.66666666666667 7 0 1.33333333333333 0 0 0 0 60 0 0 0 2 0 0 0 1 21 0 14 0 0 3 0 3 0 0 0 11 0 0 0 60 0 0 0
clang::tidy::google::build::UsingNamespaceDirectiveCheck 0 1.33333333333333 5.66666666666667 0 1.33333333333333 0 0 0 0 60 0 0 0 2 0 0 0 1 17 0 11 0 0 3 0 3 0 0 0 10 0 0 0 60 0 0 0
clang::tidy::llvm::LLVMHeaderGuardCheck 0 2 9.5 0 1.5 0 0 0 0 60 0 0 0 3 0 0 0 2 38 0 32 0 0 4 0 4 0 0 0 10 0 0 0 120 0 0 0
IncludeOrderCheck 121 16 17 0 3 0 0 0 0 60 0 0 0 0 0 0 0 1 17 0 17 9 0 1 5 1 0 0 0 11 0 0 0 60 0 0 0
clang::tidy::llvm::@368::IncludeOrderPPCallbacks 0 0 0 0 0 0 0 0 0 60 0 0 0 0 0 0 0 0 0 0 0 4 0 0 0 0 0 0 0 0 0 0 0 0 0 0 0
clang::tidy::llvm::@368::IncludeOrderPPCallbacks::IncludeDirective 0 0 0 0 0 0 0 0 0 60 0 0 0 0 0 0 0 0 0 0 0 5 0 0 5 0 0 0 0 0 0 0 0 0 0 0 0
clang::tidy::llvm::IncludeOrderCheck 0 1 3.5 0 1.5 0 0 0 0 60 0 0 0 2 0 0 0 1 7 0 5 0 0 2 0 2 0 0 0 3 0 0 0 60 0 0 0
LLVMTidyModule 2 1 1 0 2 0 0 0 0 60 0 0 0 0 0 0 0 1 1 0 1 1 0 1 1 1 0 0 0 1 0 0 0 60 0 0 0
clang::tidy::llvm::LLVMModule 0 1 7 0 1 0 0 0 0 61 0 0 0 1 0 0 0 1 7 0 7 0 0 1 0 1 0 0 0 3 0 0 0 61 0 0 0
clang::tidy::llvm::TwineLocalCheck 0 2 13.3333333333333 0 1.33333333333333 0 0 0 0 61 0 0 0 2 0 0 0 1 40 0 33 0 0 3 0 3 0 0 0 9 0 0 0 61 0 0 0
clang::tidy::misc::ArgumentCommentCheck 0 4.83333333333333 25.8333333333333 0 2.16666666666667 0 0 0 0 61 0 0 0 2 0 0 0 3 155 0 53 1 0 6 0 3 0 0 0 16 0 0 0 183 0 0 0
clang::tidy::AssertSideEffectCheck 0 1.5 9.25 0 1.25 0 0 0 0 63 0 0 0 2 0 0 0 1 37 0 18 3 0 4 0 4 0 0 0 17 0 0 0 63 0 0 0
clang::tidy::misc::AssignOperatorSignatureCheck 0 1.66666666666667 15.3333333333333 0 1.33333333333333 0 0 0 0 64 0 0 0 2 0 0 0 1 46 0 28 0 0 3 0 3 0 0 0 11 0 0 0 64 0 0 0
clang::tidy::misc::BoolPointerImplicitConversionCheck 0 1.66666666666667 16 0 1.33333333333333 0 0 0 0 64 0 0 0 2 0 0 0 1 48 0 33 0 0 3 0 3 0 0 0 9 0 0 0 64 0 0 0
clang::tidy::misc::InaccurateEraseCheck 0 1.33333333333333 14.3333333333333 0 1.33333333333333 0 0 0 0 64 0 0 0 2 0 0 0 1 43 0 24 0 0 3 0 3 0 0 0 10 0 0 0 64 0 0 0
InefficientAlgorithmCheck 0 3 8 0 2 0 0 0 0 64 0 0 0 0 0 0 0 1 8 0 8 0 0 1 0 1 0 0 0 1 0 0 0 64 0 0 0
clang::tidy::misc::InefficientAlgorithmCheck 0 3 32.3333333333333 0 1.33333333333333 0 0 0 0 64 0 0 0 2 0 0 0 1 97 0 69 0 0 3 0 3 0 0 0 9 0 0 0 64 0 0 0
MacroParenthesesCheck 0 7.25 4.5 0 1 0 0 0 0 64 0 0 0 0 0 0 0 1 18 0 6 2 0 4 0 4 0 0 0 10 0 0 0 64 0 0 0
clang::tidy::@309::MacroParenthesesPPCallbacks 0 0 0 0 0 0 0 0 0 64 0 0 0 0 0 0 0 0 0 0 0 2 0 0 0 0 0 0 0 0 0 0 0 0 0 0 0
clang::tidy::MacroParenthesesCheck 0 1 3.5 0 1.5 0 0 0 0 64 0 0 0 2 0 0 0 1 7 0 5 0 0 2 0 2 0 0 0 3 0 0 0 64 0 0 0
MacroRepeatedSideEffectsCheck 2 0 0 0 0 0 0 0 0 64 0 0 0 0 0 0 0 0 0 0 0 2 0 0 0 0 0 0 0 0 0 0 0 0 0 0 0
clang::tidy::misc::@296::MacroRepeatedPPCallbacks 0 0 0 0 0 0 0 0 0 64 0 0 0 0 0 0 0 0 0 0 0 2 0 0 0 0 0 0 0 0 0 0 0 0 0 0 0
clang::tidy::misc::MacroRepeatedSideEffectsCheck 0 1 4 0 1.5 0 0 0 0 64 0 0 0 2 0 0 0 1 8 0 6 0 0 2 0 2 0 0 0 3 0 0 0 64 0 0 0
MiscTidyModule 1 1 1 0 2 0 0 0 0 64 0 0 0 0 0 0 0 1 1 0 1 1 0 1 1 1 0 0 0 1 0 0 0 64 0 0 0
clang::tidy::misc::MiscModule 0 1 29 0 1 0 0 0 0 65 0 0 0 1 0 0 0 1 29 0 29 0 0 1 0 1 0 0 0 3 0 0 0 65 0 0 0
clang::tidy::NoexceptMoveConstructorCheck 0 4.66666666666667 15.3333333333333 0 1.33333333333333 0 0 0 0 65 0 0 0 2 0 0 0 1 46 0 37 0 0 3 0 3 0 0 0 9 0 0 0 65 0 0 0
clang::tidy::StaticAssertCheck 0 4 31.5 0 1.5 0 0 0 0 65 0 0 0 2 0 0 0 3 126 0 64 0 0 4 0 3 0 0 0 10 0 0 0 195 0 0 0
SwappedArgumentsCheck 0 2 10.3333333333333 0 1.33333333333333 0 0 0 0 65 0 0 0 0 0 0 0 3 31 0 15 0 0 3 0 3 0 0 0 5 0 0 0 195 0 0 0
clang::tidy::misc::SwappedArgumentsCheck 0 2.66666666666667 21 0 1.33333333333333 0 0 0 0 65 0 0 0 2 0 0 0 1 63 0 58 0 0 3 0 3 0 0 0 9 0 0 0 65 0 0 0
clang::tidy::misc::UndelegatedConstructorCheck 0 1 7.66666666666667 0 1.33333333333333 0 0 0 0 65 0 0 0 2 0 0 0 1 23 0 16 0 0 3 0 3 0 0 0 9 0 0 0 65 0 0 0
clang::tidy::misc::UniqueptrResetReleaseCheck 0 4.33333333333333 19 0 1.33333333333333 0 0 0 0 65 0 0 0 2 0 0 0 1 57 0 38 0 0 3 0 3 0 0 0 10 0 0 0 65 0 0 0
clang::tidy::misc::UnusedRAIICheck 0 2.33333333333333 18.6666666666667 0 1.33333333333333 0 0 0 0 65 0 0 0 2 0 0 0 1 56 0 41 0 0 3 0 3 0 0 0 9 0 0 0 65 0 0 0
UseOverrideCheck 0 3 15 0 2 0 0 0 0 65 0 0 0 0 0 0 0 2 30 0 26 0 0 2 0 2 0 0 0 5 0 0 0 130 0 0 0
clang::tidy::misc::UseOverrideCheck 0 8.66666666666667 42.6666666666667 0 1.33333333333333 0 0 0 0 65 0 0 0 2 0 0 0 1 128 0 123 0 0 3 0 3 0 0 0 11 0 0 0 65 0 0 0
clang::tidy::readability::BracesAroundStatementsCheck 0 3.85714285714286 19.5714285714286 0 1.71428571428571 0 0 0 0 65 0 0 0 2 0 0 0 3 137 0 52 2 0 7 0 5 0 0 0 27 0 0 0 195 0 0 0
ContainerSizeEmptyCheck 0 1 22 0 1 0 0 0 0 65 0 0 0 0 0 0 0 1 22 0 22 0 0 1 0 1 0 0 0 4 0 0 0 65 0 0 0
clang::tidy::readability::ContainerSizeEmptyCheck 0 4.66666666666667 33.3333333333333 0 1.33333333333333 0 0 0 0 65 0 0 0 2 0 0 0 3 100 0 72 0 0 3 0 3 0 0 0 6 0 0 0 195 0 0 0
ElseAfterReturnCheck 0 1 3 0 1 0 0 0 0 65 0 0 0 0 0 0 0 1 3 0 3 0 0 1 0 1 0 0 0 2 0 0 0 65 0 0 0
clang::tidy::readability::ElseAfterReturnCheck 0 1.33333333333333 7.66666666666667 0 1.33333333333333 0 0 0 0 65 0 0 0 2 0 0 0 1 23 0 11 0 0 3 0 3 0 0 0 9 0 0 0 65 0 0 0
clang::tidy::readability::FunctionSizeCheck 0 2.8 16 0 1 0 0 0 0 66 0 0 0 2 0 0 0 3 80 0 33 4 0 5 0 5 0 0 0 22 0 0 0 198 0 0 0
clang::tidy::readability::FunctionSizeCheck::FunctionInfo 1 1 1 0 0 0 0 0 0 66 0 0 0 0 0 0 0 1 1 0 1 3 0 1 3 1 0 0 0 1 0 0 0 66 0 0 0
clang::tidy::readability::NamedParameterCheck 0 6.33333333333333 34 0 1.33333333333333 0 0 0 0 66 0 0 0 2 0 0 0 1 102 0 97 0 0 3 0 3 0 0 0 12 0 0 0 66 0 0 0
NamespaceCommentCheck 0 2 7 0 2.5 0 0 0 0 66 0 0 0 0 0 0 0 2 14 0 9 0 0 2 0 2 0 0 0 2 0 0 0 132 0 0 0
clang::tidy::readability::NamespaceCommentCheck 0 3 24.5 0 1.25 0 0 0 0 66 0 0 0 2 0 0 0 3 98 0 83 3 0 4 0 3 0 0 0 15 0 0 0 198 0 0 0
ReadabilityTidyModule 1 1 1 0 2 0 0 0 0 66 0 0 0 0 0 0 0 1 1 0 1 1 0 1 1 1 0 0 0 1 0 0 0 66 0 0 0
clang::tidy::readability::ReadabilityModule 0 1 20 0 1 0 0 0 0 67 0 0 0 1 0 0 0 1 20 0 20 0 0 1 0 1 0 0 0 3 0 0 0 67 0 0 0
clang::tidy::readability::RedundantSmartptrGetCheck 0 2 9 0 1.33333333333333 0 0 0 0 67 0 0 0 2 0 0 0 1 27 0 21 0 0 3 0 3 0 0 0 10 0 0 0 67 0 0 0
clang::tidy::readability::RedundantStringCStrCheck 0 1.33333333333333 18.3333333333333 0 1.33333333333333 0 0 0 0 67 0 0 0 2 0 0 0 1 55 0 39 0 0 3 0 3 0 0 0 9 0 0 0 67 0 0 0
clang::tidy::readability::ShrinkToFitCheck 0 2 21.3333333333333 0 1.33333333333333 0 0 0 0 67 0 0 0 2 0 0 0 1 64 0 35 0 0 3 0 3 0 0 0 9 0 0 0 67 0 0 0
clang::tidy::readability::SimplifyBooleanExprCheck 0 2.05 16.15 0 2.8 0 0 0 0 67 0 0 0 2 0 0 0 2 323 0 45 2 0 20 0 4 0 0 0 69 0 0 0 134 0 0 0
ClangTidyMain 0 2.25 9.95 0 3 0 0 0 0 68 0 0 0 0 0 0 0 3 199 0 72 5 0 20 5 20 0 0 0 66 0 0 0 204 0 0 0
HeaderGuard 0 25 17 0 1 0 0 0 0 68 0 0 0 0 0 0 0 1 17 0 17 6 0 1 0 1 0 0 0 14 0 0 0 68 0 0 0
clang::tidy::@373::HeaderGuardPPCallbacks 0 0 0 0 0 0 0 0 0 68 0 0 0 0 0 0 0 0 0 0 0 6 0 0 0 0 0 0 0 0 0 0 0 0 0 0 0
CoverageCheckerCallbacks 0 1 3 0 3.33333333333333 0 0 0 0 68 0 0 0 1 0 0 0 3 9 0 7 1 0 3 0 3 0 0 0 4 0 0 0 204 0 0 0
CoverageCheckerConsumer 0 1 4 0 2 0 0 0 0 68 0 0 0 1 0 0 0 1 4 0 4 0 0 1 0 1 0 0 0 2 0 0 0 68 0 0 0
CoverageCheckerAction 0 1 3 0 1.5 0 0 0 0 68 0 0 0 1 0 0 0 2 6 0 5 1 0 2 0 1 0 0 0 2 0 0 0 136 0 0 0
CoverageCheckerFrontendActionFactory 0 1 2.5 0 0.5 0 0 0 0 68 0 0 0 1 0 0 0 2 5 0 3 1 0 2 0 2 0 0 0 2 0 0 0 136 0 0 0
Modularize::CoverageChecker 1 4.09090909090909 13.5454545454545 0 1.18181818181818 0 0 0 0 68 0 0 0 0 0 0 0 3 149 0 31 8 0 11 1 11 0 0 0 45 0 0 0 204 0 0 0
Modularize 5 3 16.8666666666667 0 2.93333333333333 0 0 0 0 72 0 0 0 0 0 0 0 2 253 0 189 2 0 15 2 15 0 0 0 53 0 0 0 144 0 0 0
Location 0 1.66666666666667 5 0 0.666666666666667 0 0 0 0 72 0 0 0 0 0 0 0 3 15 0 13 3 0 3 3 3 0 0 0 9 0 0 0 216 0 0 0
Entry 1 3 7 0 0.5 0 0 0 0 72 0 0 0 0 0 0 0 2 14 0 13 2 0 2 2 2 0 0 0 3 0 0 0 144 0 0 0
HeaderEntry 0 0 0 0 0 0 0 0 0 72 0 0 0 0 0 0 0 0 0 0 0 2 0 0 2 0 0 0 0 0 0 0 0 0 0 0 0
EntityMap 1 3.5 23 0 1.5 0 0 0 0 72 0 0 0 1 0 0 0 2 46 0 30 3 0 2 1 2 0 0 0 4 0 0 0 144 0 0 0
CollectEntitiesVisitor 0 1.625 5.625 0 1.3125 0 0 0 0 72 0 0 0 1 0 0 0 16 90 0 35 5 0 16 0 16 0 0 0 24 0 0 0 1152 0 0 0
CollectEntitiesConsumer 0 1.66666666666667 9.66666666666667 0 2 0 0 0 0 72 0 0 0 1 0 0 0 3 29 0 21 4 0 3 0 3 0 0 0 10 0 0 0 216 0 0 0
CollectEntitiesAction 0 1 4.5 0 2.5 0 0 0 0 72 0 0 0 1 0 0 0 2 9 0 5 3 0 2 0 1 0 0 0 3 0 0 0 144 0 0 0
ModularizeFrontendActionFactory 0 1 4 0 1.5 0 0 0 0 72 0 0 0 1 0 0 0 2 8 0 5 3 0 2 0 2 0 0 0 3 0 0 0 144 0 0 0
CompileCheckVisitor 0 1 1.9375 0 1 0 0 0 0 72 0 0 0 1 0 0 0 16 31 0 4 0 0 16 0 16 0 0 0 16 0 0 0 1152 0 0 0
CompileCheckConsumer 0 1 2 0 0.5 0 0 0 0 72 0 0 0 1 0 0 0 2 4 0 3 0 0 2 0 2 0 0 0 2 0 0 0 144 0 0 0
CompileCheckAction 0 1 2 0 1 0 0 0 0 72 0 0 0 1 0 0 0 2 4 0 3 0 0 2 0 1 0 0 0 2 0 0 0 144 0 0 0
CompileCheckFrontendActionFactory 0 1 2 0 0 0 0 0 0 72 0 0 0 1 0 0 0 2 4 0 3 0 0 2 0 2 0 0 0 2 0 0 0 144 0 0 0
ModularizeUtilities 0 5 17 0 1 0 0 0 0 72 0 0 0 0 0 0 0 1 17 0 17 0 0 1 0 1 0 0 0 4 0 0 0 72 0 0 0
'@17::ModuleMapTargetOptions' 0 0 0 0 0 0 0 0 0 72 0 0 0 0 0 0 0 0 0 0 0 0 0 0 0 0 0 0 0 0 0 0 0 0 0 0 0
Modularize::ModularizeUtilities 6 4.27777777777778 23.6111111111111 0 1.11111111111111 0 0 0 0 73 0 0 0 0 0 0 0 3 425 0 71 22 0 18 22 12 0 0 0 77 0 0 0 219 0 0 0
ModuleAssistant 1 4 30 0 4 0 0 0 0 73 0 0 0 0 0 0 0 1 150 0 48 1 0 5 1 5 0 0 0 25 0 0 0 73 0 0 0
'@10::Module' 0 0 0 0 0 0 0 0 0 73 0 0 0 0 0 0 0 0 0 0 0 4 0 0 4 0 0 0 0 0 0 0 0 0 0 0 0
PreprocessorTracker 94 5 20.375 0 2.875 0 0 0 0 74 0 0 0 0 0 0 0 1 163 0 56 33 0 8 18 8 0 0 0 34 0 0 0 74 0 0 0
Modularize::@16::PPItemKey 0 0 0 0 0 0 0 0 0 74 0 0 0 0 0 0 0 0 0 0 0 4 0 0 4 0 0 0 0 0 0 0 0 0 0 0 0
Modularize::@16::HeaderInclusionPath 0 0 0 0 0 0 0 0 0 74 0 0 0 0 0 0 0 0 0 0 0 1 0 0 1 0 0 0 0 0 0 0 0 0 0 0 0
Modularize::@16::MacroExpansionInstance 0 0 0 0 0 0 0 0 0 74 0 0 0 0 0 0 0 0 0 0 0 4 0 0 4 0 0 0 0 0 0 0 0 0 0 0 0
Modularize::@16::MacroExpansionTracker 0 0 0 0 0 0 0 0 0 74 0 0 0 0 0 0 0 0 0 0 0 3 0 0 3 0 0 0 0 0 0 0 0 0 0 0 0
Modularize::@16::ConditionalExpansionInstance 0 0 0 0 0 0 0 0 0 74 0 0 0 0 0 0 0 0 0 0 0 2 0 0 2 0 0 0 0 0 0 0 0 0 0 0 0
Modularize::@16::ConditionalTracker 0 0 0 0 0 0 0 0 0 74 0 0 0 0 0 0 0 0 0 0 0 3 0 0 3 0 0 0 0 0 0 0 0 0 0 0 0
Modularize::@16::PreprocessorCallbacks 0 0 0 0 0 0 0 0 0 74 0 0 0 0 0 0 0 0 0 0 0 3 0 0 0 0 0 0 0 0 0 0 0 0 0 0 0
Modularize::@16::PreprocessorTrackerImpl 0 0 0 0 0 0 0 0 0 74 0 0 0 0 0 0 0 0 0 0 0 12 0 0 0 0 0 0 0 0 0 0 0 0 0 0 0
Modularize::PreprocessorTracker 0 1.75 1.5 0 1.75 0 0 0 0 74 0 0 0 0 0 0 0 8 12 0 5 0 0 8 0 8 0 0 0 14 0 0 0 592 0 0 0
PPCallbacksTracker 0 1.51785714285714 8.32142857142857 0 2.375 0 0 0 0 74 0 0 0 1 0 0 0 5 466 0 37 11 0 56 11 56 0 0 0 208 0 0 0 370 0 0 0
Argument 1 1 1.5 0 1 0 0 0 0 74 0 0 0 0 0 0 0 2 3 0 2 2 0 2 2 2 0 0 0 2 0 0 0 148 0 0 0
CallbackCall 1 1 1 0 0.5 0 0 0 0 74 0 0 0 0 0 0 0 2 2 0 1 2 0 2 2 2 0 0 0 2 0 0 0 148 0 0 0
PPTrace 0 2.16666666666667 14 0 2.5 0 0 0 0 76 0 0 0 0 0 0 0 1 84 0 56 0 0 6 0 6 0 0 0 18 0 0 0 76 0 0 0
'@0::PPTraceConsumer' 0 0 0 0 0 0 0 0 0 76 0 0 0 0 0 0 0 0 0 0 0 0 0 0 0 0 0 0 0 0 0 0 0 0 0 0 0
'@0::PPTraceAction' 0 0 0 0 0 0 0 0 0 76 0 0 0 0 0 0 0 0 0 0 0 2 0 0 0 0 0 0 0 0 0 0 0 0 0 0 0
'@0::PPTraceFrontendActionFactory' 0 0 0 0 0 0 0 0 0 76 0 0 0 0 0 0 0 0 0 0 0 2 0 0 0 0 0 0 0 0 0 0 0 0 0 0 0
Inputs/crlf/crlf 0 1 3 0 1 0 0 0 0 77 0 0 0 0 0 0 0 1 3 0 3 0 0 1 0 1 0 0 0 2 0 0 0 77 0 0 0
no 0 1 4 0 0 0 0 0 0 79 0 0 0 0 0 0 0 1 4 0 4 0 0 1 0 1 0 0 0 3 0 0 0 79 0 0 0
C 7 1.25 2 0 0.583333333333333 0 0 0 0 80 0 0 0 2 0 0 0 9 24 0 13 3 2 12 3 11 0 0 0 16 0 0 0 720 0 0 0
yes 1 1 9.5 0 3.5 0 0 0 0 81 0 0 0 0 0 0 0 1 19 0 18 0 0 2 0 2 0 0 0 5 0 0 0 81 0 0 0
MyType012345678901234567890123456789 3 1 3 0 0 0 0 0 0 81 0 0 0 0 0 0 0 1 3 0 3 5 0 1 0 1 0 0 0 1 0 0 0 81 0 0 0
A 23 1 1.15 0 0.75 0 0 0 0 81 0 0 0 0 0 0 0 20 23 0 4 6 13 20 6 18 0 0 0 20 0 0 0 1620 0 0 0
B 4 1 1 0 0.6 0 0 0 0 82 0 0 0 1 0 0 0 15 15 0 1 3 1 15 3 14 0 0 0 16 0 0 0 1230 0 0 0
D 0 1 1 0 0.4 0 0 0 0 82 0 0 0 3 0 0 0 5 5 0 1 3 0 5 3 5 0 0 0 5 0 0 0 410 0 0 0
combined 0 2 10.5 0 0 0 0 0 0 83 0 0 0 0 0 0 0 2 21 0 11 0 0 2 0 2 0 0 0 6 0 0 0 166 0 0 0
T 23 1 1 0 0 0 0 0 0 83 0 0 0 0 0 0 0 2 2 0 1 0 2 2 0 2 0 0 0 2 0 0 0 166 0 0 0
T::iterator 1 1 1 0 0.6 0 0 0 0 83 0 0 0 0 0 0 0 5 5 0 1 1 1 5 1 5 0 0 0 5 0 0 0 415 0 0 0
compilers 0 0 0 0 0 0 0 0 0 83 0 0 0 0 0 0 0 0 0 0 0 0 0 0 0 0 0 0 0 0 0 0 0 0 0 0 0
compilations 0 1 3 0 1 0 0 0 0 84 0 0 0 0 0 0 0 1 3 0 3 0 0 1 0 1 0 0 0 2 0 0 0 84 0 0 0
compilations_expected 0 1 3 0 1 0 0 0 0 84 0 0 0 0 0 0 0 1 3 0 3 0 0 1 0 1 0 0 0 2 0 0 0 84 0 0 0
cpp11 0 1 4 0 1 0 0 0 0 84 0 0 0 0 0 0 0 1 4 0 4 0 0 1 0 1 0 0 0 2 0 0 0 84 0 0 0
cpp11_expected 0 1 4 0 1 0 0 0 0 84 0 0 0 0 0 0 0 1 4 0 4 0 0 1 0 1 0 0 0 2 0 0 0 84 0 0 0
Reformatting 0 1 9 0 0 0 0 0 0 84 0 0 0 0 0 0 0 1 9 0 9 0 0 1 0 1 0 0 0 3 0 0 0 84 0 0 0
common 1 1 4.5 0 0.5 0 0 0 0 84 0 0 0 0 0 0 0 2 9 0 7 0 0 2 0 2 0 0 0 2 0 0 0 168 0 0 0
clang-modernize/HeaderReplacements/common 1 1.66666666666667 5 0 0.333333333333333 0 0 0 0 84 0 0 0 0 0 0 0 2 15 0 7 0 0 3 0 3 0 0 0 6 0 0 0 168 0 0 0
container 4 1 1 0 0.333333333333333 0 0 0 0 84 0 0 0 0 0 0 0 3 3 0 1 0 0 3 0 3 0 0 0 3 0 0 0 252 0 0 0
container::iterator 0 1 1 0 0.333333333333333 0 0 0 0 84 0 0 0 0 0 0 0 3 3 0 1 0 0 3 0 3 0 0 0 3 0 0 0 252 0 0 0
clang-apply-replacements/Inputs/conflict/common 0 1.5 5.5 0 1 0 0 0 0 84 0 0 0 0 0 0 0 1 11 0 10 0 0 2 0 2 0 0 0 5 0 0 0 84 0 0 0
no_yaml 0 2 9 0 0.5 0 0 0 0 85 0 0 0 0 0 0 0 1 18 0 10 0 0 2 0 2 0 0 0 7 0 0 0 85 0 0 0
main 0 1 4 0 0 0 0 0 0 87 0 0 0 0 0 0 0 1 4 0 4 0 0 1 0 1 0 0 0 3 0 0 0 87 0 0 0
array 3 4 24.75 0 0 0 0 0 0 91 0 0 0 0 0 0 0 1 99 0 84 4 0 4 4 4 0 0 0 23 0 0 0 91 0 0 0
HasArr 4 3 15 0 0 0 0 0 0 92 0 0 0 0 0 0 0 2 30 0 15 2 0 2 2 2 0 0 0 12 0 0 0 184 0 0 0
confidence 0 3 27 0 0 0 0 0 0 92 0 0 0 0 0 0 0 1 27 0 27 0 0 1 0 1 0 0 0 5 0 0 0 92 0 0 0
dependency 0 3 23 0 0 0 0 0 0 93 0 0 0 0 0 0 0 1 23 0 23 0 0 1 0 1 0 0 0 6 0 0 0 93 0 0 0
free_begin_end_fail 10 1.4 2.6 0 0.8 0 0 0 0 93 0 0 0 0 0 0 0 3 13 0 9 0 0 5 0 5 0 0 0 9 0 0 0 279 0 0 0
MyArray 0 1 1 0 0 0 0 0 0 93 0 0 0 0 0 0 0 1 1 0 1 0 0 1 0 1 0 0 0 1 0 0 0 93 0 0 0
MyContainer 0 0 0 0 0 0 0 0 0 93 0 0 0 0 0 0 0 0 0 0 0 0 0 0 0 0 0 0 0 0 0 0 0 0 0 0 0
macro_problem 1 1.5 5 0 0.5 0 0 0 0 94 0 0 0 0 0 0 0 1 10 0 9 0 0 2 0 2 0 0 0 5 0 0 0 94 0 0 0
nsblah::MyType 0 0 0 0 0 0 0 0 0 94 0 0 0 0 0 0 0 0 0 0 0 0 0 0 0 0 0 0 0 0 0 0 0 0 0 0 0
negative-header 0 2 7 0 0 0 0 0 0 94 0 0 0 0 0 0 0 1 7 0 7 0 0 1 0 1 0 0 0 4 0 0 0 94 0 0 0
structures 14 1 1 0 2 0 0 0 0 94 0 0 0 0 0 0 0 1 1 0 1 0 0 1 0 1 0 0 0 1 0 0 0 94 0 0 0
Val 8 1 1 0 0 0 0 0 0 94 0 0 0 0 0 0 0 1 1 0 1 1 0 1 1 1 0 0 0 1 0 0 0 94 0 0 0
MutableVal 1 1 1 0 1.2 0 0 0 0 94 0 0 0 0 0 0 0 5 5 0 1 1 0 5 1 5 0 0 0 5 0 0 0 470 0 0 0
S 13 1 1 0 0.333333333333333 0 0 0 0 94 0 0 0 0 0 0 0 3 3 0 1 1 0 3 1 3 0 0 0 3 0 0 0 282 0 0 0
U 6 1 1 0 0 0 0 0 0 94 0 0 0 0 0 0 0 2 2 0 1 1 1 2 1 2 0 0 0 2 0 0 0 188 0 0 0
U::iterator 0 1 1 0 0.25 0 0 0 0 94 0 0 0 0 0 0 0 4 4 0 1 0 0 4 0 4 0 0 0 4 0 0 0 376 0 0 0
X 5 1 2.28571428571429 0 0.571428571428571 0 0 0 0 94 0 0 0 0 0 0 0 5 16 0 10 5 1 7 5 7 0 0 0 11 0 0 0 470 0 0 0
dependent 0 1 1 0 0.25 0 0 0 0 94 0 0 0 0 0 0 0 8 8 0 1 0 0 8 0 8 0 0 0 8 0 0 0 752 0 0 0
dependent::iterator_base 1 1 1 0 0.25 0 0 0 0 94 0 0 0 0 0 0 0 4 4 0 1 0 1 4 0 4 0 0 0 4 0 0 0 376 0 0 0
dependent::iterator 0 1 1 0 0 0 0 0 0 94 0 0 0 1 0 0 0 3 3 0 1 0 0 3 0 3 0 0 0 3 0 0 0 282 0 0 0
doublyDependent 3 1 1 0 0 0 0 0 0 94 0 0 0 0 0 0 0 2 2 0 1 0 0 2 0 2 0 0 0 2 0 0 0 188 0 0 0
doublyDependent::Value 0 0 0 0 0 0 0 0 0 94 0 0 0 0 0 0 0 0 0 0 0 2 0 0 2 0 0 0 0 0 0 0 0 0 0 0 0
doublyDependent::iterator_base 1 1 1 0 0.25 0 0 0 0 94 0 0 0 0 0 0 0 4 4 0 1 0 1 4 0 4 0 0 0 4 0 0 0 376 0 0 0
doublyDependent::iterator 0 1 1 0 0 0 0 0 0 94 0 0 0 1 0 0 0 3 3 0 1 0 0 3 0 3 0 0 0 3 0 0 0 282 0 0 0
transparent 0 1 1 0 0 0 0 0 0 94 0 0 0 0 0 0 0 3 3 0 1 0 0 3 0 3 0 0 0 3 0 0 0 282 0 0 0
Nested 2 1 1 0 0 0 0 0 0 94 0 0 0 0 0 0 0 4 4 0 1 0 0 4 0 4 0 0 0 4 0 0 0 376 0 0 0
PtrSet 2 1 1 0 0 0 0 0 0 94 0 0 0 0 0 0 0 2 2 0 1 0 0 2 0 2 0 0 0 2 0 0 0 188 0 0 0
PtrSet::iterator 0 1 1 0 0.333333333333333 0 0 0 0 94 0 0 0 0 0 0 0 3 3 0 1 0 0 3 0 3 0 0 0 3 0 0 0 282 0 0 0
TypedefDerefContainer 2 1 1 0 0 0 0 0 0 94 0 0 0 0 0 0 0 2 2 0 1 0 0 2 0 2 0 0 0 2 0 0 0 188 0 0 0
TypedefDerefContainer::iterator 0 1 1 0 0.333333333333333 0 0 0 0 94 0 0 0 0 0 0 0 3 3 0 1 0 0 3 0 3 0 0 0 3 0 0 0 282 0 0 0
RValueDerefContainer 0 1 1 0 0 0 0 0 0 94 0 0 0 0 0 0 0 2 2 0 1 0 0 2 0 2 0 0 0 2 0 0 0 188 0 0 0
RValueDerefContainer::iterator 0 1 1 0 0.333333333333333 0 0 0 0 94 0 0 0 0 0 0 0 3 3 0 1 0 0 3 0 3 0 0 0 3 0 0 0 282 0 0 0
LoopConvert/iterator 0 11 82 0 0 0 0 0 0 99 0 0 0 0 0 0 0 2 164 0 127 0 0 2 0 2 0 0 0 27 0 0 0 198 0 0 0
C2 0 1.125 1.75 0 0.625 0 0 0 0 99 0 0 0 0 0 0 0 8 14 0 7 0 0 8 0 8 0 0 0 10 0 0 0 792 0 0 0
UseAuto/iterator 0 4 142 0 2 0 0 0 0 100 0 0 0 0 0 0 0 1 142 0 142 0 0 1 0 1 0 0 0 4 0 0 0 100 0 0 0
foo::vector 1 1 1 0 0 0 0 0 0 100 0 0 0 0 0 0 0 1 1 0 1 0 0 1 0 1 0 0 0 1 0 0 0 100 0 0 0
foo::vector::iterator 0 0 0 0 0 0 0 0 0 100 0 0 0 0 0 0 0 0 0 0 0 0 0 0 0 0 0 0 0 0 0 0 0 0 0 0 0
naming-alias 5 5.5 36.75 0 0.5 0 0 0 0 101 0 0 0 0 0 0 0 2 147 0 109 4 0 4 4 4 0 0 0 20 0 0 0 202 0 0 0
naming-conflict 0 4 24.25 0 0 0 0 0 0 101 0 0 0 0 0 0 0 4 97 0 41 3 0 4 3 4 0 0 0 22 0 0 0 404 0 0 0
ns::st 0 0 0 0 0 0 0 0 0 101 0 0 0 0 0 0 0 0 0 0 0 1 0 0 1 0 0 0 0 0 0 0 0 0 0 0 0
negative-iterator 34 2.625 7.125 0 0.375 0 0 0 0 102 0 0 0 0 0 0 0 4 114 0 16 3 0 16 3 16 0 0 0 72 0 0 0 408 0 0 0
BadBeginEnd 1 1 1 0 0 0 0 0 0 102 0 0 0 1 0 0 0 2 2 0 1 0 0 2 0 2 0 0 0 2 0 0 0 204 0 0 0
ExtraConstructor 0 1 1 0 1.5 0 0 0 0 102 0 0 0 1 0 0 0 2 2 0 1 0 0 2 0 2 0 0 0 2 0 0 0 204 0 0 0
EvilArrow 0 1 1 0 0 0 0 0 0 102 0 0 0 1 0 0 0 1 1 0 1 0 0 1 0 1 0 0 0 1 0 0 0 102 0 0 0
negative-multi-end-call 0 2.8 9.8 0 0.6 0 0 0 0 103 0 0 0 0 0 0 0 3 49 0 36 3 0 5 3 5 0 0 0 21 0 0 0 309 0 0 0
negative-pseudoarray-extra 20 3 11 0 0 0 0 0 0 103 0 0 0 0 0 0 0 1 11 0 11 4 0 1 4 1 0 0 0 4 0 0 0 103 0 0 0
negative-pseudoarray 0 4.125 12.375 0 0 0 0 0 0 104 0 0 0 0 0 0 0 1 99 0 19 5 0 8 5 8 0 0 0 34 0 0 0 104 0 0 0
negative 10 4.16666666666667 11 0 0 0 0 0 0 104 0 0 0 0 0 0 0 1 66 0 16 4 0 6 4 6 0 0 0 29 0 0 0 104 0 0 0
HasIndirectArr 0 3 9 0 0 0 0 0 0 104 0 0 0 0 0 0 0 2 18 0 9 1 0 2 1 2 0 0 0 14 0 0 0 208 0 0 0
nesting 0 11 63 0 0 0 0 0 0 106 0 0 0 0 0 0 0 1 63 0 63 0 0 1 0 1 0 0 0 10 0 0 0 106 0 0 0
nocompile 0 2 7 0 0 0 0 0 0 106 0 0 0 0 0 0 0 1 7 0 7 1 0 1 1 1 0 0 0 4 0 0 0 106 0 0 0
pseudoarray 1 4.66666666666667 23.3333333333333 0 0 0 0 0 0 109 0 0 0 0 0 0 0 2 70 0 46 4 0 3 4 3 0 0 0 15 0 0 0 218 0 0 0
NoBeginEnd 1 1 1 0 0 0 0 0 0 109 0 0 0 0 0 0 0 1 1 0 1 0 0 1 0 1 0 0 0 1 0 0 0 109 0 0 0
NoConstBeginEnd 1 1 1 0 0 0 0 0 0 109 0 0 0 0 0 0 0 4 4 0 1 0 0 4 0 4 0 0 0 4 0 0 0 436 0 0 0
ConstBeginEnd 1 1 1 0 0 0 0 0 0 109 0 0 0 0 0 0 0 4 4 0 1 0 0 4 0 4 0 0 0 4 0 0 0 436 0 0 0
single-iterator 0 7 48 0 0 0 0 0 0 109 0 0 0 0 0 0 0 3 144 0 96 0 0 3 0 3 0 0 0 26 0 0 0 327 0 0 0
clang-modernize/ReplaceAutoPtr/basic 13 1 18.5 0 0 0 0 0 0 113 0 0 0 0 0 0 0 6 111 0 66 1 0 6 1 6 0 0 0 23 0 0 0 678 0 0 0
clang-modernize/PassByValue/basic 6 0 0 0 0 0 0 0 0 113 0 0 0 0 0 0 0 0 0 0 0 4 0 0 4 0 0 0 0 0 0 0 0 0 0 0 0
E 0 1 1 0 0.833333333333333 0 0 0 0 113 0 0 0 1 0 0 0 6 6 0 1 1 0 6 1 6 0 0 0 6 0 0 0 678 0 0 0
F 0 1 1 0 0.5 0 0 0 0 113 0 0 0 1 0 0 0 2 2 0 1 1 0 2 1 2 0 0 0 2 0 0 0 226 0 0 0
G 0 1 1.33333333333333 0 0.333333333333333 0 0 0 0 113 0 0 0 1 0 0 0 3 4 0 2 1 0 3 1 3 0 0 0 3 0 0 0 339 0 0 0
H 0 1 1 0 0.5 0 0 0 0 113 0 0 0 1 0 0 0 2 2 0 1 1 0 2 1 2 0 0 0 2 0 0 0 226 0 0 0
I 0 1 1.5 0 0.5 0 0 0 0 113 0 0 0 1 0 0 0 2 3 0 2 1 0 2 1 2 0 0 0 3 0 0 0 226 0 0 0
J 0 1 2 0 0.5 0 0 0 0 113 0 0 0 1 0 0 0 2 4 0 3 1 0 2 1 2 0 0 0 3 0 0 0 226 0 0 0
K_Movable 0 1 1 0 0.666666666666667 0 0 0 0 114 0 0 0 0 0 0 0 3 3 0 1 1 0 3 1 3 0 0 0 4 0 0 0 342 0 0 0
K 0 1 1 0 0.5 0 0 0 0 114 0 0 0 1 0 0 0 2 2 0 1 1 0 2 1 2 0 0 0 2 0 0 0 228 0 0 0
L 0 1 1 0 0.5 0 0 0 0 114 0 0 0 1 0 0 0 2 2 0 1 1 0 2 1 2 0 0 0 2 0 0 0 228 0 0 0
N 0 1 1 0 0.5 0 0 0 0 114 0 0 0 1 0 0 0 2 2 0 1 2 0 2 2 2 0 0 0 2 0 0 0 228 0 0 0
O 0 1 1 0 1 0 0 0 0 114 0 0 0 0 0 0 0 1 1 0 1 1 0 1 1 1 0 0 0 1 0 0 0 114 0 0 0
P 0 1 1 0 1 0 0 0 0 114 0 0 0 0 0 0 0 1 1 0 1 1 0 1 1 1 0 0 0 1 0 0 0 114 0 0 0
Q 0 1 2 0 4 0 0 0 0 114 0 0 0 0 0 0 0 1 2 0 2 4 0 1 4 1 0 0 0 1 0 0 0 114 0 0 0
R 0 1 1 0 1 0 0 0 0 114 0 0 0 0 0 0 0 1 1 0 1 1 0 1 1 1 0 0 0 1 0 0 0 114 0 0 0
clang-modernize/UseNullptr/basic 1 1 5.60606060606061 0 0.272727272727273 0 0 0 0 114 0 0 0 0 0 0 0 21 185 0 38 1 0 33 1 33 0 0 0 53 0 0 0 2394 0 0 0
Foo 2 1 1 0 0.75 0 0 0 0 114 0 0 0 0 0 0 0 8 8 0 1 2 1 8 2 8 0 0 0 8 0 0 0 912 0 0 0
Bar 2 1 6 0 0.25 0 0 0 0 115 0 0 0 1 0 0 0 4 24 0 21 1 0 4 1 4 0 0 0 6 0 0 0 460 0 0 0
Baz 0 1 1 0 0 0 0 0 0 115 0 0 0 0 0 0 0 1 1 0 1 1 0 1 1 1 0 0 0 1 0 0 0 115 0 0 0
Bam 0 1 1 0 1 0 0 0 0 115 0 0 0 0 0 0 0 4 4 0 1 0 0 4 0 4 0 0 0 6 0 0 0 460 0 0 0
clang-modernize/AddOverride/basic 38 0 0 0 0 0 0 0 0 115 0 0 0 0 0 0 0 0 0 0 0 3 0 0 3 0 0 0 0 0 0 0 0 0 0 0 0
M 0 1 1 0 0 0 0 0 0 115 0 0 0 1 0 0 0 1 1 0 1 0 0 1 0 1 0 0 0 1 0 0 0 115 0 0 0
APure 3 1 1 0 0 0 0 0 0 115 0 0 0 0 0 0 0 1 1 0 1 0 1 1 0 1 0 0 0 1 0 0 0 115 0 0 0
BPure 2 1 1 0 0 0 0 0 0 115 0 0 0 1 0 0 0 1 1 0 1 0 1 1 0 1 0 0 0 1 0 0 0 115 0 0 0
CPure 1 1 1 0 0 0 0 0 0 115 0 0 0 2 0 0 0 1 1 0 1 0 1 1 0 1 0 0 0 1 0 0 0 115 0 0 0
DPure 0 1 1 0 0 0 0 0 0 115 0 0 0 3 0 0 0 1 1 0 1 0 0 1 0 1 0 0 0 1 0 0 0 115 0 0 0
Base1 0 1 1 0 0 0 0 0 0 115 0 0 0 0 0 0 0 1 1 0 1 0 0 1 0 1 0 0 0 1 0 0 0 115 0 0 0
Base2 1 1 1 0 0 0 0 0 0 115 0 0 0 0 0 0 0 2 2 0 1 0 1 2 0 2 0 0 0 3 0 0 0 230 0 0 0
Derived 0 1 1 0 0.25 0 0 0 0 116 0 0 0 1 0 0 0 4 4 0 1 0 0 4 0 4 0 0 0 5 0 0 0 464 0 0 0
clang-modernize/ReplaceAutoPtr/Inputs/basic 1 1 2.5 0 0.5 0 0 0 0 116 0 0 0 0 0 0 0 4 10 0 7 0 0 4 0 4 0 0 0 4 0 0 0 464 0 0 0
Base 7 1 1 0 0.111111111111111 0 0 0 0 118 0 0 0 0 0 0 0 16 18 0 1 0 7 18 0 18 0 0 0 28 0 0 0 1888 0 0 0
ns_2::auto_ptr 0 0 0 0 0 0 0 0 0 118 0 0 0 0 0 0 0 0 0 0 0 0 0 0 0 0 0 0 0 0 0 0 0 0 0 0 0
Movable 1 0 0 0 0 0 0 0 0 118 0 0 0 0 0 0 0 0 0 0 0 3 0 0 3 0 0 0 0 0 0 0 0 0 0 0 0
NotMovable 0 1 1 0 0.666666666666667 0 0 0 0 118 0 0 0 0 0 0 0 3 3 0 1 3 0 3 3 3 0 0 0 3 0 0 0 354 0 0 0
UnmodifiableClass 0 1 1 0 1 0 0 0 0 118 0 0 0 0 0 0 0 1 1 0 1 1 0 1 1 1 0 0 0 1 0 0 0 118 0 0 0
clang-modernize/UseNullptr/Inputs/basic 0 0 0 0 0 0 0 0 0 118 0 0 0 0 0 0 0 0 0 0 0 1 0 0 1 0 0 0 0 0 0 0 0 0 0 0 0
clang-apply-replacements/Inputs/basic/basic 1 1.5 7 0 1.5 0 0 0 0 118 0 0 0 0 0 0 0 1 14 0 13 0 0 2 0 2 0 0 0 6 0 0 0 118 0 0 0
Parent 1 1 1 0 0 0 0 0 0 118 0 0 0 0 0 0 0 1 1 0 1 0 1 1 0 1 0 0 0 1 0 0 0 118 0 0 0
std::auto_ptr_ref 0 0 0 0 0 0 0 0 0 118 0 0 0 0 0 0 0 0 0 0 0 1 0 0 1 0 0 0 0 0 0 0 0 0 0 0 0
std::auto_ptr 0 1 1.6 0 0.7 0 0 0 0 118 0 0 0 0 0 0 0 10 16 0 5 1 0 10 0 10 0 0 0 10 0 0 0 1180 0 0 0
'std::auto_ptr< void >' 0 0 0 0 0 0 0 0 0 118 0 0 0 0 0 0 0 0 0 0 0 0 0 0 0 0 0 0 0 0 0 0 0 0 0 0 0
move 10 1 12 0 0.333333333333333 0 0 0 0 118 0 0 0 0 0 0 0 3 36 0 34 0 0 3 0 3 0 0 0 3 0 0 0 354 0 0 0
Wrapper 2 1 1 0 0 0 0 0 0 118 0 0 0 0 0 0 0 1 1 0 1 1 0 1 1 1 0 0 0 1 0 0 0 118 0 0 0
template_fail 0 1 4 0 0 0 0 0 0 118 0 0 0 0 0 0 0 1 4 0 4 0 0 1 0 1 0 0 0 2 0 0 0 118 0 0 0
basic_iterator_tests 0 1 24 0 2 0 0 0 0 118 0 0 0 0 0 0 0 1 24 0 24 0 0 1 0 1 0 0 0 2 0 0 0 118 0 0 0
internal::iterator_wrapper 0 1 1 0 0.25 0 0 0 0 118 0 0 0 0 0 0 0 4 4 0 1 0 0 4 0 4 0 0 0 4 0 0 0 472 0 0 0
internal::iterator_provider 0 0 0 0 0 0 0 0 0 118 0 0 0 0 0 0 0 0 0 0 0 0 0 0 0 0 0 0 0 0 0 0 0 0 0 0 0
internal::iterator_provider::iterator 0 1 1 0 0.5 0 0 0 0 118 0 0 0 0 0 0 0 2 2 0 1 0 0 2 0 2 0 0 0 2 0 0 0 236 0 0 0
internal::iterator_provider::const_iterator 0 1 1 0 0.75 0 0 0 0 118 0 0 0 0 0 0 0 4 4 0 1 0 0 4 0 4 0 0 0 4 0 0 0 472 0 0 0
internal::iterator_provider::reverse_iterator 0 0 0 0 0 0 0 0 0 118 0 0 0 0 0 0 0 0 0 0 0 0 0 0 0 0 0 0 0 0 0 0 0 0 0 0 0
internal::iterator_provider::const_reverse_iterator 0 0 0 0 0 0 0 0 0 118 0 0 0 0 0 0 0 0 0 0 0 0 0 0 0 0 0 0 0 0 0 0 0 0 0 0 0
std::CONTAINER 0 1 1 0 0.166666666666667 0 0 0 0 118 0 0 0 0 0 0 0 6 6 0 1 0 0 6 0 6 0 0 0 6 0 0 0 708 0 0 0
new 0 1 87 0 2 0 0 0 0 119 0 0 0 0 0 0 0 1 87 0 87 0 0 1 0 1 0 0 0 10 0 0 0 119 0 0 0
MyType 1 0 0 0 0 0 0 0 0 119 0 0 0 0 0 0 0 0 0 0 0 0 1 0 0 0 0 0 0 0 0 0 0 0 0 0 0
MyDerivedType 0 0 0 0 0 0 0 0 0 119 0 0 0 1 0 0 0 0 0 0 0 0 0 0 0 0 0 0 0 0 0 0 0 0 0 0 0
new_cv_failing 0 1 25 0 2 0 0 0 0 119 0 0 0 0 0 0 0 1 25 0 25 0 0 1 0 1 0 0 0 4 0 0 0 119 0 0 0
basic_failing 0 1 5 0 1 0 0 0 0 119 0 0 0 0 0 0 0 1 5 0 5 0 0 1 0 1 0 0 0 2 0 0 0 119 0 0 0
clang-modernize/UseNullptr/macros 1 1 18.8571428571429 0 0.142857142857143 0 0 0 0 119 0 0 0 0 0 0 0 7 132 0 82 1 0 7 1 7 0 0 0 8 0 0 0 833 0 0 0
clang-tidy/macros 2 1 1 0 1 0 0 0 0 119 0 0 0 0 0 0 0 1 1 0 1 0 0 1 0 1 0 0 0 1 0 0 0 119 0 0 0
nullptr_t 2 1 5.33333333333333 0 0 0 0 0 0 120 0 0 0 0 0 0 0 1 16 0 11 1 0 3 1 3 0 0 0 6 0 0 0 120 0 0 0
function-decl 0 1 1 0 1 0 0 0 0 120 0 0 0 0 0 0 0 1 1 0 1 0 0 1 0 1 0 0 0 1 0 0 0 120 0 0 0
VarTest 1 1 14 0 0 0 0 0 0 120 0 0 0 0 0 0 0 1 14 0 14 3 0 1 3 1 0 0 0 4 0 0 0 120 0 0 0
arg-comments 0 1 2.44444444444444 0 1.44444444444444 0 0 0 0 120 0 0 0 0 0 0 0 2 22 0 7 0 0 9 0 9 0 0 0 17 0 0 0 240 0 0 0
Closure 0 0 0 0 0 0 0 0 0 120 0 0 0 0 0 0 0 0 0 0 0 0 0 0 0 0 0 0 0 0 0 0 0 0 0 0 0
deduplication 0 1 4 0 0 0 0 0 0 121 0 0 0 0 0 0 0 1 4 0 4 0 0 1 0 1 0 0 0 9 0 0 0 121 0 0 0
diagnostic 37 0 0 0 0 0 0 0 0 121 0 0 0 0 0 0 0 0 0 0 0 1 0 0 1 0 0 0 0 0 0 0 0 0 0 0 0
google-explicit-constructor 0 1 5 0 1 0 0 0 0 121 0 0 0 0 0 0 0 1 5 0 5 1 0 1 1 1 0 0 0 2 0 0 0 121 0 0 0
std::initializer_list 0 1 1.6 0 0.4 0 0 0 0 121 0 0 0 0 0 0 0 5 8 0 4 2 0 5 0 4 0 0 0 5 0 0 0 605 0 0 0
C3 0 1 1 0 1 0 0 0 0 121 0 0 0 0 0 0 0 4 4 0 1 0 0 4 0 4 0 0 0 4 0 0 0 484 0 0 0
google-explicit-make-pair 13 1 9 0 1.25 0 0 0 0 121 0 0 0 0 0 0 0 1 36 0 26 0 0 4 0 4 0 0 0 12 0 0 0 121 0 0 0
std::pair 0 1 1 0 2 0 0 0 0 121 0 0 0 0 0 0 0 1 1 0 1 0 0 1 0 1 0 0 0 1 0 0 0 121 0 0 0
google-member-string-references 0 0 0 0 0 0 0 0 0 121 0 0 0 0 0 0 0 0 0 0 0 2 0 0 2 0 0 0 0 0 0 0 0 0 0 0 0
std::basic_string 4 1 1 0 0.666666666666667 0 0 0 0 121 0 0 0 0 0 0 0 3 3 0 1 0 0 3 0 3 0 0 0 3 0 0 0 363 0 0 0
string 0 0 0 0 0 0 0 0 0 121 0 0 0 0 0 0 0 0 0 0 0 0 0 0 0 0 0 0 0 0 0 0 0 0 0 0 0
AA 0 0 0 0 0 0 0 0 0 121 0 0 0 0 0 0 0 0 0 0 0 1 0 0 1 0 0 0 0 0 0 0 0 0 0 0 0
BB 0 0 0 0 0 0 0 0 0 121 0 0 0 0 0 0 0 0 0 0 0 1 0 0 1 0 0 0 0 0 0 0 0 0 0 0 0
CC 0 0 0 0 0 0 0 0 0 121 0 0 0 0 0 0 0 0 0 0 0 1 0 0 1 0 0 0 0 0 0 0 0 0 0 0 0
google-memset-zero-length 0 1 17 0 2 0 0 0 0 121 0 0 0 0 0 0 0 1 51 0 40 0 0 3 0 3 0 0 0 7 0 0 0 121 0 0 0
google-overloaded-unary-and 0 1 1 0 1.5 0 0 0 0 121 0 0 0 0 0 0 0 2 2 0 1 1 0 2 1 2 0 0 0 2 0 0 0 242 0 0 0
TFoo 0 1 1 0 0.333333333333333 0 0 0 0 121 0 0 0 0 0 0 0 3 3 0 1 0 0 3 0 3 0 0 0 3 0 0 0 363 0 0 0
Qux 0 1 1 0 1 0 0 0 0 121 0 0 0 0 0 0 0 1 1 0 1 0 0 1 0 1 0 0 0 1 0 0 0 121 0 0 0
google-readability-casting 0 1 17 0 1.42857142857143 0 0 0 0 122 0 0 0 0 0 0 0 5 119 0 89 0 0 7 0 7 0 0 0 16 0 0 0 610 0 0 0
Y 0 1 1 0 1 0 0 0 0 122 0 0 0 1 0 0 0 1 1 0 1 0 0 1 0 1 0 0 0 1 0 0 0 122 0 0 0
TemplateStruct 0 1 8 0 2 0 0 0 0 122 0 0 0 0 0 0 0 1 8 0 8 0 0 1 0 1 0 0 0 3 0 0 0 122 0 0 0
google-runtime-int 15 1 7.66666666666667 0 0.666666666666667 0 0 0 0 123 0 0 0 0 0 0 0 4 46 0 36 0 0 6 0 6 0 0 0 13 0 0 0 492 0 0 0
A0 0 1 1 0 1 0 0 0 0 123 0 0 0 0 0 0 0 1 1 0 1 0 0 1 0 0 0 0 0 1 0 0 0 123 0 0 0
A1 0 1 1 0 1 0 0 0 0 123 0 0 0 0 0 0 0 1 1 0 1 0 0 1 0 0 0 0 0 1 0 0 0 123 0 0 0
B1 0 1 1 0 1 0 0 0 0 123 0 0 0 0 0 0 0 1 1 0 1 0 0 1 0 0 0 0 0 1 0 0 0 123 0 0 0
C1 0 1 1 0 1 0 0 0 0 123 0 0 0 0 0 0 0 1 1 0 1 0 0 1 0 0 0 0 0 1 0 0 0 123 0 0 0
A2 0 1 1 0 1 0 0 0 0 123 0 0 0 0 0 0 0 1 1 0 1 0 0 1 0 0 0 0 0 1 0 0 0 123 0 0 0
B2 0 1 1 0 1 0 0 0 0 123 0 0 0 0 0 0 0 1 1 0 1 0 0 1 0 0 0 0 0 1 0 0 0 123 0 0 0
A3 0 1 1 0 1 0 0 0 0 123 0 0 0 0 0 0 0 1 1 0 1 0 0 1 0 0 0 0 0 1 0 0 0 123 0 0 0
llvm-twine-local 0 1 6.5 0 0.5 0 0 0 0 124 0 0 0 0 0 0 0 1 13 0 12 1 0 2 1 2 0 0 0 5 0 0 0 124 0 0 0
llvm::Twine 1 1 1 0 1 0 0 0 0 124 0 0 0 0 0 0 0 3 3 0 1 0 0 3 0 3 0 0 0 3 0 0 0 372 0 0 0
misc-assert-side-effect 0 1 12.75 0 0.25 0 0 0 0 125 0 0 0 0 0 0 0 3 51 0 46 0 0 4 0 4 0 0 0 7 0 0 0 375 0 0 0
MyClass 1 1 1 0 1 0 0 0 0 125 0 0 0 0 0 0 0 6 6 0 1 0 0 6 0 6 0 0 0 10 0 0 0 750 0 0 0
Good 0 1 1 0 1 0 0 0 0 125 0 0 0 0 0 0 0 3 3 0 1 0 0 3 0 3 0 0 0 3 0 0 0 375 0 0 0
AlsoGood 0 1 1 0 1 0 0 0 0 125 0 0 0 0 0 0 0 1 1 0 1 0 0 1 0 1 0 0 0 1 0 0 0 125 0 0 0
BadReturn 0 1 1 0 1 0 0 0 0 125 0 0 0 0 0 0 0 2 2 0 1 0 0 2 0 2 0 0 0 2 0 0 0 250 0 0 0
BadReturn2 0 1 1 0 1 0 0 0 0 125 0 0 0 0 0 0 0 2 2 0 1 0 0 2 0 2 0 0 0 2 0 0 0 250 0 0 0
BadArgument 0 1 1 0 1 0 0 0 0 125 0 0 0 0 0 0 0 2 2 0 1 0 0 2 0 2 0 0 0 2 0 0 0 250 0 0 0
BadModifier 0 1 1 0 1 0 0 0 0 125 0 0 0 0 0 0 0 1 1 0 1 0 0 1 0 1 0 0 0 1 0 0 0 125 0 0 0
Deleted 0 1 1 0 1 0 0 0 0 125 0 0 0 0 0 0 0 2 2 0 1 0 0 2 0 2 0 0 0 2 0 0 0 250 0 0 0
Private 0 1 1 0 1 0 0 0 0 125 0 0 0 0 0 0 0 1 1 0 1 0 0 1 0 1 0 0 0 1 0 0 0 125 0 0 0
misc-bool-pointer-implicit-conversion 1 3.33333333333333 12.6666666666667 0 0.666666666666667 0 0 0 0 125 0 0 0 0 0 0 0 1 76 0 68 0 0 6 0 6 0 0 0 14 0 0 0 125 0 0 0
misc-inaccurate-erase 2 1 7.8 0 1.6 0 0 0 0 125 0 0 0 0 0 0 0 4 39 0 26 0 0 5 0 5 0 0 0 13 0 0 0 500 0 0 0
std::vec_iterator 0 1 1 0 1 0 0 0 0 125 0 0 0 0 0 0 0 1 1 0 1 1 0 1 1 1 0 0 0 1 0 0 0 125 0 0 0
std::vector 34 1 1 0 0.5 0 0 0 0 125 0 0 0 0 0 0 0 8 8 0 1 0 0 8 0 8 0 0 0 8 0 0 0 1000 0 0 0
std::unique_ptr 15 1 1 0 0.375 0 0 0 0 125 0 0 0 0 0 0 0 8 8 0 1 0 0 8 0 8 0 0 0 8 0 0 0 1000 0 0 0
custom_iter 0 0 0 0 0 0 0 0 0 125 0 0 0 0 0 0 0 0 0 0 0 0 0 0 0 0 0 0 0 0 0 0 0 0 0 0 0
custom_container 0 1 1 0 0.333333333333333 0 0 0 0 125 0 0 0 0 0 0 0 3 3 0 1 0 0 3 0 3 0 0 0 3 0 0 0 375 0 0 0
misc-inefficient-algorithm 3 1 7.33333333333333 0 2.55555555555556 0 0 0 0 125 0 0 0 0 0 0 0 3 66 0 46 0 0 9 0 9 0 0 0 29 0 0 0 375 0 0 0
std::less 0 1 1 0 2 0 0 0 0 125 0 0 0 0 0 0 0 1 1 0 1 0 0 1 0 1 0 0 0 1 0 0 0 125 0 0 0
std::greater 0 1 1 0 2 0 0 0 0 125 0 0 0 0 0 0 0 1 1 0 1 0 0 1 0 1 0 0 0 1 0 0 0 125 0 0 0
std::iterator_type 0 0 0 0 0 0 0 0 0 125 0 0 0 0 0 0 0 0 0 0 0 0 0 0 0 0 0 0 0 0 0 0 0 0 0 0 0
std::set 1 1 1 0 0.5 0 0 0 0 125 0 0 0 0 0 0 0 4 4 0 1 0 1 4 0 4 0 0 0 4 0 0 0 500 0 0 0
std::other_iterator_type 0 0 0 0 0 0 0 0 0 125 0 0 0 0 0 0 0 0 0 0 0 0 0 0 0 0 0 0 0 0 0 0 0 0 0 0 0
std::map 6 1 1 0 0.5 0 0 0 0 125 0 0 0 0 0 0 0 4 4 0 1 0 0 4 0 4 0 0 0 4 0 0 0 500 0 0 0
std::unordered_set 0 0 0 0 0 0 0 0 0 125 0 0 0 1 0 0 0 0 0 0 0 0 0 0 0 0 0 0 0 0 0 0 0 0 0 0 0
std::multiset 0 0 0 0 0 0 0 0 0 125 0 0 0 1 0 0 0 0 0 0 0 0 0 0 0 0 0 0 0 0 0 0 0 0 0 0 0
Value 2 0 0 0 0 0 0 0 0 125 0 0 0 0 0 0 0 0 0 0 0 1 0 0 1 0 0 0 0 0 0 0 0 0 0 0 0
Ordering 0 1 2 0 2 0 0 0 0 126 0 0 0 0 0 0 0 2 4 0 3 0 0 2 0 2 0 0 0 4 0 0 0 252 0 0 0
misc-macro-parentheses 0 0 0 0 0 0 0 0 0 126 0 0 0 0 0 0 0 0 0 0 0 0 0 0 0 0 0 0 0 0 0 0 0 0 0 0 0
misc-noexcept-move-constructor 0 1 4 0 0 0 0 0 0 126 0 0 0 0 0 0 0 1 4 0 4 0 0 1 0 1 0 0 0 2 0 0 0 126 0 0 0
OK 0 0 0 0 0 0 0 0 0 126 0 0 0 0 0 0 0 0 0 0 0 0 0 0 0 0 0 0 0 0 0 0 0 0 0 0 0
OK1 0 1 1 0 0.5 0 0 0 0 126 0 0 0 0 0 0 0 6 6 0 1 0 0 6 0 6 0 0 0 6 0 0 0 756 0 0 0
OK2 0 1 1 0 1 0 0 0 0 126 0 0 0 0 0 0 0 2 2 0 1 1 0 2 0 2 0 0 0 2 0 0 0 252 0 0 0
OK3 0 1 1 0 1 0 0 0 0 126 0 0 0 0 0 0 0 2 2 0 1 0 0 2 0 2 0 0 0 3 0 0 0 252 0 0 0
misc-repeated-side-effects-in-macro 1 1 8 0 1.75 0 0 0 0 126 0 0 0 0 0 0 0 8 64 0 18 0 0 8 0 8 0 0 0 16 0 0 0 1008 0 0 0
misc-static-assert 2 1 17.8333333333333 0 0.833333333333333 0 0 0 0 126 0 0 0 0 0 0 0 3 107 0 93 0 0 6 0 6 0 0 0 15 0 0 0 378 0 0 0
misc-swapped-arguments 0 1 9.25 0 1.25 0 0 0 0 126 0 0 0 0 0 0 0 2 37 0 29 0 0 4 0 4 0 0 0 10 0 0 0 252 0 0 0
misc-undelegated-constructor 1 1 1 0 1 0 0 0 0 127 0 0 0 0 0 0 0 1 1 0 1 1 0 1 1 1 0 0 0 10 0 0 0 127 0 0 0
Ctor 0 1 3 0 1 0 0 0 0 128 0 0 0 0 0 0 0 3 12 0 9 0 0 4 0 4 0 0 0 6 0 0 0 384 0 0 0
Dtor 0 1 2.4 0 0.8 0 0 0 0 128 0 0 0 0 0 0 0 5 12 0 8 0 0 5 0 5 0 0 0 5 0 0 0 640 0 0 0
TDerived 0 1 1 0 0 0 0 0 0 128 0 0 0 1 0 0 0 1 1 0 1 0 0 1 0 1 0 0 0 1 0 0 0 128 0 0 0
misc-uniqueptr-reset-release 1 1 8.6 0 0 0 0 0 0 128 0 0 0 0 0 0 0 2 43 0 30 0 0 5 0 5 0 0 0 16 0 0 0 256 0 0 0
std::default_delete 0 0 0 0 0 0 0 0 0 128 0 0 0 0 0 0 0 0 0 0 0 0 0 0 0 0 0 0 0 0 0 0 0 0 0 0 0
misc-unused-raii 0 1 22.3333333333333 0 0 0 0 0 0 133 0 0 0 0 0 0 0 2 67 0 34 0 0 3 0 3 0 0 0 63 0 0 0 266 0 0 0
FooBar 0 1 1 0 0 0 0 0 0 133 0 0 0 0 0 0 0 1 1 0 1 1 0 1 1 1 0 0 0 1 0 0 0 133 0 0 0
SimpleCases 0 1 1 0 0 0 0 0 0 133 0 0 0 1 0 0 0 16 16 0 1 0 0 16 0 16 0 0 0 16 0 0 0 2128 0 0 0
misc-use-override 1 1 1 0 0 0 0 0 0 133 0 0 0 0 0 0 0 2 2 0 1 0 0 2 0 2 0 0 0 3 0 0 0 266 0 0 0
MustUseResultObject 0 0 0 0 0 0 0 0 0 133 0 0 0 0 0 0 0 0 0 0 0 0 0 0 0 0 0 0 0 0 0 0 0 0 0 0 0
DefaultedDestructor 0 1 1 0 0 0 0 0 0 133 0 0 0 1 0 0 0 2 2 0 1 0 0 2 0 2 0 0 0 2 0 0 0 266 0 0 0
FinalSpecified 0 1 1 0 0 0 0 0 0 133 0 0 0 1 0 0 0 6 6 0 1 0 0 6 0 6 0 0 0 6 0 0 0 798 0 0 0
InlineDefinitions 0 1 1 0 0 0 0 0 0 133 0 0 0 1 0 0 0 8 8 0 1 0 0 8 0 8 0 0 0 8 0 0 0 1064 0 0 0
Macros 0 1 1 0 0.333333333333333 0 0 0 0 133 0 0 0 1 0 0 0 6 6 0 1 0 0 6 0 6 0 0 0 6 0 0 0 798 0 0 0
TemplateBase 1 1 1 0 1 0 0 0 0 133 0 0 0 0 0 0 0 1 1 0 1 0 1 1 0 1 0 0 0 1 0 0 0 133 0 0 0
DerivedFromTemplate 0 1 1 0 1 0 0 0 0 133 0 0 0 1 0 0 0 1 1 0 1 0 0 1 0 1 0 0 0 1 0 0 0 133 0 0 0
UnusedMemberInstantiation 0 1 1 0 0 0 0 0 0 133 0 0 0 3 0 0 0 1 1 0 1 0 0 1 0 1 0 0 0 1 0 0 0 133 0 0 0
IntantiateWithoutUse 0 0 0 0 0 0 0 0 0 133 0 0 0 1 0 0 0 0 0 0 0 0 0 0 0 0 0 0 0 0 0 0 0 0 0 0 0
MembersOfSpecializations 0 1 1 0 0 0 0 0 0 133 0 0 0 1 0 0 0 1 1 0 1 0 0 1 0 1 0 0 0 1 0 0 0 133 0 0 0
readability-braces-around-statements-few-lines 0 2.33333333333333 8.66666666666667 0 0.666666666666667 0 0 0 0 133 0 0 0 0 0 0 0 1 26 0 22 0 0 3 0 3 0 0 0 5 0 0 0 133 0 0 0
readability-braces-around-statements-same-line 0 2.33333333333333 10.6666666666667 0 0.666666666666667 0 0 0 0 133 0 0 0 0 0 0 0 1 32 0 28 0 0 3 0 3 0 0 0 5 0 0 0 133 0 0 0
readability-braces-around-statements-single-line 0 2.33333333333333 9.66666666666667 0 0.666666666666667 0 0 0 0 133 0 0 0 0 0 0 0 1 29 0 25 0 0 3 0 3 0 0 0 5 0 0 0 133 0 0 0
readability-braces-around-statements 0 12 55.3333333333333 0 0.666666666666667 0 0 0 0 133 0 0 0 0 0 0 0 1 166 0 162 0 0 3 0 3 0 0 0 7 0 0 0 133 0 0 0
readability-container-size-empty 0 6.66666666666667 30 0 0 0 0 0 0 133 0 0 0 0 0 0 0 3 90 0 74 0 0 3 0 3 0 0 0 6 0 0 0 399 0 0 0
readability-else-after-return 0 7 31 0 1 0 0 0 0 133 0 0 0 0 0 0 0 1 31 0 31 0 0 1 0 1 0 0 0 2 0 0 0 133 0 0 0
readability-function-size 14 1.625 2.375 0 0.375 0 0 0 0 133 0 0 0 0 0 0 0 8 19 0 4 1 0 8 1 8 0 0 0 10 0 0 0 1064 0 0 0
readability-named-parameter 9 1 1.18181818181818 0 1.27272727272727 0 0 0 0 133 0 0 0 0 0 0 0 20 26 0 5 3 0 22 3 22 0 0 0 25 0 0 0 2660 0 0 0
Z 0 0 0 0 0 0 0 0 0 133 0 0 0 0 0 0 0 0 0 0 0 0 0 0 0 0 0 0 0 0 0 0 0 0 0 0 0
testing::internal::IgnoredValue 0 1 1 0 1 0 0 0 0 133 0 0 0 0 0 0 0 1 1 0 1 0 0 1 0 1 0 0 0 1 0 0 0 133 0 0 0
readability-redundant-smartptr-get 0 1 40.5 0 0 0 0 0 0 139 0 0 0 0 0 0 0 2 81 0 57 0 0 2 0 2 0 0 0 17 0 0 0 278 0 0 0
std::shared_ptr 1 1 1 0 0 0 0 0 0 139 0 0 0 0 0 0 0 3 3 0 1 0 0 3 0 3 0 0 0 3 0 0 0 417 0 0 0
BarPtr 1 1 1 0 0 0 0 0 0 139 0 0 0 0 0 0 0 3 3 0 1 0 0 3 0 3 0 0 0 3 0 0 0 417 0 0 0
int_ptr 2 1 1 0 0 0 0 0 0 139 0 0 0 0 0 0 0 3 3 0 1 0 0 3 0 3 0 0 0 3 0 0 0 417 0 0 0
Fail1 1 1 1 0 0 0 0 0 0 139 0 0 0 0 0 0 0 1 1 0 1 0 0 1 0 1 0 0 0 1 0 0 0 139 0 0 0
Fail2 1 1 1 0 0 0 0 0 0 139 0 0 0 0 0 0 0 3 3 0 1 0 0 3 0 3 0 0 0 3 0 0 0 417 0 0 0
readability-redundant-string-cstr 0 1 6.33333333333333 0 1 0 0 0 0 139 0 0 0 0 0 0 0 3 19 0 7 0 0 3 0 3 0 0 0 6 0 0 0 417 0 0 0
std::allocator 0 0 0 0 0 0 0 0 0 139 0 0 0 0 0 0 0 0 0 0 0 0 0 0 0 0 0 0 0 0 0 0 0 0 0 0 0
std::char_traits 0 0 0 0 0 0 0 0 0 139 0 0 0 0 0 0 0 0 0 0 0 0 0 0 0 0 0 0 0 0 0 0 0 0 0 0 0
llvm::StringRef 0 1 1 0 1 0 0 0 0 139 0 0 0 0 0 0 0 2 2 0 1 0 0 2 0 2 0 0 0 2 0 0 0 278 0 0 0
readability-shrink-to-fit 3 1 11.75 0 0 0 0 0 0 139 0 0 0 0 0 0 0 4 47 0 17 0 0 4 0 4 0 0 0 11 0 0 0 556 0 0 0
readability-simplify-bool-expr-chained-conditional-assignment 0 4 15.5 0 1 0 0 0 0 139 0 0 0 0 0 0 0 2 31 0 16 0 0 2 0 2 0 0 0 4 0 0 0 278 0 0 0
readability-simplify-bool-expr-chained-conditional-return 0 3.33333333333333 10.1666666666667 0 1 0 0 0 0 139 0 0 0 0 0 0 0 6 61 0 15 0 0 6 0 6 0 0 0 6 0 0 0 834 0 0 0
readability-simplify-bool-expr 1 2.82692307692308 12.8076923076923 0 0.865384615384615 0 0 0 0 139 0 0 0 0 0 0 0 46 666 0 66 17 0 52 17 52 0 0 0 81 0 0 0 6394 0 0 0
Implicit 0 1 3 0 0 0 0 0 0 139 0 0 0 0 0 0 0 1 3 0 3 0 0 1 0 1 0 0 0 1 0 0 0 139 0 0 0
Comparable 0 1 1 0 1 0 0 0 0 139 0 0 0 0 0 0 0 2 2 0 1 0 0 2 0 2 0 0 0 2 0 0 0 278 0 0 0
static-analyzer-config 0 1 2.28571428571429 0 0.714285714285714 0 0 0 0 139 0 0 0 0 0 0 0 5 16 0 6 0 0 7 0 7 0 0 0 11 0 0 0 695 0 0 0
static-analyzer 0 1 3.5 0 0.5 0 0 0 0 139 0 0 0 0 0 0 0 2 14 0 6 0 0 4 0 4 0 0 0 7 0 0 0 278 0 0 0
temporaries 1 1.33333333333333 4.33333333333333 0 0.333333333333333 0 0 0 0 139 0 0 0 0 0 0 0 2 13 0 7 0 0 3 0 3 0 0 0 4 0 0 0 278 0 0 0
NoReturnDtor 0 1 1 0 0 0 0 0 0 139 0 0 0 0 0 0 0 1 1 0 1 0 0 1 0 1 0 0 0 1 0 0 0 139 0 0 0
Anonymous 0 0 0 0 0 0 0 0 0 139 0 0 0 0 0 0 0 0 0 0 0 0 0 0 0 0 0 0 0 0 0 0 0 0 0 0 0
HasError 0 0 0 0 0 0 0 0 0 139 0 0 0 0 0 0 0 0 0 0 0 0 0 0 0 0 0 0 0 0 0 0 0 0 0 0 0
CoverageProblems/Level3A 0 0 0 0 0 0 0 0 0 139 0 0 0 0 0 0 0 0 0 0 0 0 0 0 0 0 0 0 0 0 0 0 0 0 0 0 0
CoverageNoProblems/NonIncludes/Level3A 0 0 0 0 0 0 0 0 0 139 0 0 0 0 0 0 0 0 0 0 0 0 0 0 0 0 0 0 0 0 0 0 0 0 0 0 0
Level3B 0 0 0 0 0 0 0 0 0 139 0 0 0 0 0 0 0 0 0 0 0 0 0 0 0 0 0 0 0 0 0 0 0 0 0 0 0
UmbrellaFile 0 0 0 0 0 0 0 0 0 139 0 0 0 0 0 0 0 0 0 0 0 0 0 0 0 0 0 0 0 0 0 0 0 0 0 0 0
UmbrellaInclude1 0 0 0 0 0 0 0 0 0 139 0 0 0 0 0 0 0 0 0 0 0 0 0 0 0 0 0 0 0 0 0 0 0 0 0 0 0
UmbrellaInclude2 0 0 0 0 0 0 0 0 0 139 0 0 0 0 0 0 0 0 0 0 0 0 0 0 0 0 0 0 0 0 0 0 0 0 0 0 0
Umbrell1 0 0 0 0 0 0 0 0 0 139 0 0 0 0 0 0 0 0 0 0 0 0 0 0 0 0 0 0 0 0 0 0 0 0 0 0 0
Umbrell2 0 0 0 0 0 0 0 0 0 139 0 0 0 0 0 0 0 0 0 0 0 0 0 0 0 0 0 0 0 0 0 0 0 0 0 0 0
DuplicateHeader1 0 0 0 0 0 0 0 0 0 139 0 0 0 0 0 0 0 0 0 0 0 0 0 0 0 0 0 0 0 0 0 0 0 0 0 0 0
DuplicateHeader2 0 0 0 0 0 0 0 0 0 139 0 0 0 0 0 0 0 0 0 0 0 0 0 0 0 0 0 0 0 0 0 0 0 0 0 0 0
clang::tidy::HeaderGuardCheck 1 1 2.57142857142857 0 1.28571428571429 0 0 0 0 139 0 0 0 2 0 0 0 1 18 0 5 0 1 7 0 7 0 0 0 14 0 0 0 139 0 0 0
HeaderGuardSubSub 0 0 0 0 0 0 0 0 0 139 0 0 0 0 0 0 0 0 0 0 0 0 0 0 0 0 0 0 0 0 0 0 0 0 0 0 0
HeaderGuardSubSubDefined 0 0 0 0 0 0 0 0 0 139 0 0 0 0 0 0 0 0 0 0 0 0 0 0 0 0 0 0 0 0 0 0 0 0 0 0 0
InconsistentHeader1 0 0 0 0 0 0 0 0 0 139 0 0 0 0 0 0 0 0 0 0 0 0 0 0 0 0 0 0 0 0 0 0 0 0 0 0 0
InconsistentHeader2 0 0 0 0 0 0 0 0 0 139 0 0 0 0 0 0 0 0 0 0 0 0 0 0 0 0 0 0 0 0 0 0 0 0 0 0 0
InconsistentSubHeader 1 0 0 0 0 0 0 0 0 139 0 0 0 0 0 0 0 0 0 0 0 1 0 0 1 0 0 0 0 0 0 0 0 0 0 0 0
IsDependent 0 0 0 0 0 0 0 0 0 139 0 0 0 0 0 0 0 0 0 0 0 0 0 0 0 0 0 0 0 0 0 0 0 0 0 0 0
Namespace1::NamespaceClass 0 1 1 0 0 0 0 0 0 139 0 0 0 0 0 0 0 1 1 0 1 1 0 1 0 1 0 0 0 1 0 0 0 139 0 0 0
Namespace2::NamespaceClass 0 1 1 0 0 0 0 0 0 139 0 0 0 0 0 0 0 1 1 0 1 1 0 1 1 1 0 0 0 1 0 0 0 139 0 0 0
NestedMacro 0 0 0 0 0 0 0 0 0 139 0 0 0 0 0 0 0 0 0 0 0 1 0 0 1 0 0 0 0 0 0 0 0 0 0 0 0
SomeDecls 0 1 1 0 0.6 0 0 0 0 139 0 0 0 0 0 0 0 5 5 0 1 0 0 5 0 5 0 0 0 5 0 0 0 695 0 0 0
SomeOtherTypes 0 0 0 0 0 0 0 0 0 139 0 0 0 0 0 0 0 0 0 0 0 0 0 0 0 0 0 0 0 0 0 0 0 0 0 0 0
SomeTypes 0 0 0 0 0 0 0 0 0 139 0 0 0 0 0 0 0 0 0 0 0 0 0 0 0 0 0 0 0 0 0 0 0 0 0 0 0
TypeStruct 0 0 0 0 0 0 0 0 0 139 0 0 0 0 0 0 0 0 0 0 0 1 0 0 1 0 0 0 0 0 0 0 0 0 0 0 0
TypeClass 0 1 1 0 0 0 0 0 0 139 0 0 0 0 0 0 0 1 1 0 1 1 0 1 1 1 0 0 0 1 0 0 0 139 0 0 0
TemplateClasses 0 0 0 0 0 0 0 0 0 139 0 0 0 0 0 0 0 0 0 0 0 0 0 0 0 0 0 0 0 0 0 0 0 0 0 0 0
TemplateClass 0 1 1 0 0 0 0 0 0 139 0 0 0 0 0 0 0 1 1 0 1 1 0 1 1 1 0 0 0 1 0 0 0 139 0 0 0
pp-trace/Inputs/Level1A 0 0 0 0 0 0 0 0 0 139 0 0 0 0 0 0 0 0 0 0 0 0 0 0 0 0 0 0 0 0 0 0 0 0 0 0 0
modularize/Inputs/CompileError/Level1A 0 0 0 0 0 0 0 0 0 139 0 0 0 0 0 0 0 0 0 0 0 0 0 0 0 0 0 0 0 0 0 0 0 0 0 0 0
modularize/Inputs/CoverageProblems/Level1A 0 0 0 0 0 0 0 0 0 139 0 0 0 0 0 0 0 0 0 0 0 0 0 0 0 0 0 0 0 0 0 0 0 0 0 0 0
modularize/Inputs/CoverageNoProblems/Includes1/Level1A 0 0 0 0 0 0 0 0 0 139 0 0 0 0 0 0 0 0 0 0 0 0 0 0 0 0 0 0 0 0 0 0 0 0 0 0 0
modularize/Inputs/MissingHeader/Level1A 0 0 0 0 0 0 0 0 0 139 0 0 0 0 0 0 0 0 0 0 0 0 0 0 0 0 0 0 0 0 0 0 0 0 0 0 0
pp-trace/Inputs/Level1B 0 0 0 0 0 0 0 0 0 139 0 0 0 0 0 0 0 0 0 0 0 0 0 0 0 0 0 0 0 0 0 0 0 0 0 0 0
modularize/Inputs/CoverageProblems/Level1B 0 0 0 0 0 0 0 0 0 139 0 0 0 0 0 0 0 0 0 0 0 0 0 0 0 0 0 0 0 0 0 0 0 0 0 0 0
pp-trace/Inputs/Level2A 0 0 0 0 0 0 0 0 0 139 0 0 0 0 0 0 0 0 0 0 0 0 0 0 0 0 0 0 0 0 0 0 0 0 0 0 0
modularize/Inputs/CoverageProblems/Level2A 0 0 0 0 0 0 0 0 0 139 0 0 0 0 0 0 0 0 0 0 0 0 0 0 0 0 0 0 0 0 0 0 0 0 0 0 0
modularize/Inputs/CoverageNoProblems/Includes2/Level2A 0 0 0 0 0 0 0 0 0 139 0 0 0 0 0 0 0 0 0 0 0 0 0 0 0 0 0 0 0 0 0 0 0 0 0 0 0
pp-trace/Inputs/Level2B 0 0 0 0 0 0 0 0 0 139 0 0 0 0 0 0 0 0 0 0 0 0 0 0 0 0 0 0 0 0 0 0 0 0 0 0 0
modularize/Inputs/CoverageProblems/Level2B 0 0 0 0 0 0 0 0 0 139 0 0 0 0 0 0 0 0 0 0 0 0 0 0 0 0 0 0 0 0 0 0 0 0 0 0 0
pp-trace-conditional 0 0 0 0 0 0 0 0 0 139 0 0 0 0 0 0 0 0 0 0 0 0 0 0 0 0 0 0 0 0 0 0 0 0 0 0 0
pp-trace-macro 73 0 0 0 0 0 0 0 0 139 0 0 0 0 0 0 0 0 0 0 0 2 0 0 2 0 0 0 0 0 0 0 0 0 0 0 0
pp-trace-modules 0 0 0 0 0 0 0 0 0 139 0 0 0 0 0 0 0 0 0 0 0 2 0 0 2 0 0 0 0 0 0 0 0 0 0 0 0
ToolTemplate 0 1 5.33333333333333 0 1.33333333333333 0 0 0 0 139 0 0 0 0 0 0 0 2 16 0 14 0 0 3 0 3 0 0 0 5 0 0 0 278 0 0 0
'@76::ToolTemplateCallback' 0 0 0 0 0 0 0 0 0 139 0 0 0 0 0 0 0 0 0 0 0 1 0 0 1 0 0 0 0 0 0 0 0 0 0 0 0
ReformattingTest 1 1 5.5 0 2.66666666666667 0 0 0 0 139 0 0 0 0 0 0 0 3 33 0 9 0 0 6 0 6 0 0 0 15 0 0 0 417 0 0 0
IncludeDirectivesTest 0 1.21052631578947 14.1052631578947 0 2 0 0 0 0 139 0 0 0 0 0 0 0 11 268 0 26 0 0 19 0 19 0 0 0 30 0 0 0 1529 0 0 0
'@382::TestAddIncludeAction' 0 0 0 0 0 0 0 0 0 139 0 0 0 0 0 0 0 0 0 0 0 6 0 0 0 0 0 0 0 0 0 0 0 0 0 0 0
IncludeExcludeTest 0 1 22 0 2 0 0 0 0 140 0 0 0 0 0 0 0 4 88 0 44 0 0 4 0 4 0 0 0 18 0 0 0 560 0 0 0
InputFiles 2 3 24 0 1 0 0 0 0 140 0 0 0 0 0 0 0 1 24 0 24 4 0 1 4 1 0 0 0 7 0 0 0 140 0 0 0
PerfSupportTest 0 1 43 0 2 0 0 0 0 140 0 0 0 0 0 0 0 1 43 0 43 0 0 1 0 1 0 0 0 5 0 0 0 140 0 0 0
TransformA 0 1 3 0 1.66666666666667 0 0 0 0 140 0 0 0 1 0 0 0 3 9 0 4 0 0 3 0 3 0 0 0 4 0 0 0 420 0 0 0
TransformB 0 1 3 0 1.66666666666667 0 0 0 0 140 0 0 0 1 0 0 0 3 9 0 4 0 0 3 0 3 0 0 0 4 0 0 0 420 0 0 0
ExpectedResults 0 0 0 0 0 0 0 0 0 140 0 0 0 0 0 0 0 0 0 0 0 3 0 0 3 0 0 0 0 0 0 0 0 0 0 0 0
ExpectedResults::Datum 0 0 0 0 0 0 0 0 0 140 0 0 0 0 0 0 0 0 0 0 0 2 0 0 2 0 0 0 0 0 0 0 0 0 0 0 0
TransformTest 0 1.4 34.8 0 2 0 0 0 0 141 0 0 0 0 0 0 0 5 174 0 64 0 0 5 0 5 0 0 0 12 0 0 0 705 0 0 0
DummyTransform 0 1 3 0 1.4 0 0 0 0 141 0 0 0 1 0 0 0 5 15 0 4 0 0 5 0 5 0 0 0 8 0 0 0 705 0 0 0
TimePassingASTConsumer 0 1.5 8.5 0 1 0 0 0 0 141 0 0 0 1 0 0 0 2 17 0 16 1 0 2 1 2 0 0 0 2 0 0 0 282 0 0 0
ConsumerFactory 1 1 3 0 0 0 0 0 0 141 0 0 0 0 0 0 0 1 3 0 3 1 0 1 1 1 0 0 0 1 0 0 0 141 0 0 0
CallbackForwarder 0 1 1.66666666666667 0 1 0 0 0 0 141 0 0 0 1 0 0 0 3 5 0 3 1 0 3 1 3 0 0 0 4 0 0 0 423 0 0 0
ModifiableCallback 0 2.5 12.5 0 1 0 0 0 0 141 0 0 0 1 0 0 0 2 25 0 23 1 0 2 0 2 0 0 0 4 0 0 0 282 0 0 0
UniqueHeaderNameTest 0 1 41 0 2 0 0 0 0 141 0 0 0 0 0 0 0 1 41 0 41 0 0 1 0 1 0 0 0 2 0 0 0 141 0 0 0
QueryEngineTest 0 1 26.75 0 1.5 0 0 0 0 141 0 0 0 1 0 0 0 4 107 0 71 4 0 4 0 2 0 0 0 6 0 0 0 564 0 0 0
QueryParserTest 0 1 14 0 1.66666666666667 0 0 0 0 141 0 0 0 1 0 0 0 9 126 0 38 1 0 9 0 7 0 0 0 14 0 0 0 1269 0 0 0
USRLocFindingTest 0 2 31 0 2 0 0 0 0 142 0 0 0 0 0 0 0 1 62 0 37 0 0 2 0 2 0 0 0 6 0 0 0 142 0 0 0
ClangTidyDiagnosticConsumerTest 0 1 9.16666666666667 0 2 0 0 0 0 142 0 0 0 0 0 0 0 6 55 0 15 0 0 6 0 6 0 0 0 12 0 0 0 852 0 0 0
clang::tidy::test::TestCheck 0 1 3.66666666666667 0 1.33333333333333 0 0 0 0 142 0 0 0 2 0 0 0 3 11 0 6 0 0 3 0 3 0 0 0 6 0 0 0 426 0 0 0
ClangTidyOptionsTest 0 1 14.25 0 2 0 0 0 0 142 0 0 0 0 0 0 0 4 57 0 24 0 0 4 0 4 0 0 0 12 0 0 0 568 0 0 0
ClangTidyTest 3 4 35 0 5 0 0 0 0 144 0 0 0 0 0 0 0 1 35 0 35 0 0 1 0 1 0 0 0 12 0 0 0 144 0 0 0
clang::tidy::test::TestClangTidyAction 1 1 4.5 0 2.5 0 0 0 0 144 0 0 0 1 0 0 0 2 9 0 6 3 0 2 0 1 0 0 0 7 0 0 0 288 0 0 0
GoogleModuleTest 0 1 6.88888888888889 0 2 0 0 0 0 145 0 0 0 0 0 0 0 9 62 0 10 0 0 9 0 9 0 0 0 12 0 0 0 1305 0 0 0
clang::tidy::test::GlobalNamesInHeadersCheckTest 0 3 21 0 2 0 0 0 0 145 0 0 0 1 0 0 0 1 21 0 21 0 0 1 0 0 0 0 0 2 0 0 0 145 0 0 0
LLVMModuleTest 0 1 53.6666666666667 0 2.66666666666667 0 0 0 0 145 0 0 0 0 0 0 0 1 161 0 146 0 0 3 0 3 0 0 0 11 0 0 0 145 0 0 0
clang::tidy::test::@384::WithEndifComment 0 0 0 0 0 0 0 0 0 145 0 0 0 0 0 0 0 0 0 0 0 0 0 0 0 0 0 0 0 0 0 0 0 0 0 0 0
MiscModuleTest 0 1 5.5 0 2 0 0 0 0 145 0 0 0 0 0 0 0 4 22 0 8 0 0 4 0 4 0 0 0 4 0 0 0 580 0 0 0
ReadabilityModuleTest 0 1 33.5384615384615 0 2 0 0 0 0 145 0 0 0 0 0 0 0 13 436 0 100 0 0 13 0 13 0 0 0 14 0 0 0 1885 0 0 0
Utility 0 0 0 0 0 0 0 0 0 145 0 0 0 0 0 0 0 0 0 0 0 0 0 0 0 0 0 0 0 0 0 0 0 0 0 0 0
clang::VirtualFileHelper 0 1.25 6.75 0 0.75 0 0 0 0 146 0 0 0 0 0 0 0 2 27 0 12 6 0 4 0 4 0 0 0 14 0 0 0 292 0 0 0
clang::VirtualFileHelper::VirtualFile 1 0 0 0 0 0 0 0 0 146 0 0 0 0 0 0 0 0 0 0 0 2 0 0 2 0 0 0 0 0 0 0 0 0 0 0 0
