acc accm amloc an anpm asom auv bd bf cbo da dbz df dit dnp dupv fgbo lcom4 loc mlk mmloc noa noc nom npa npm obaa osf pitfc rfc rogu rsva saigv sc ua uaf uav
cmdlineparser 0 3.66666666666667 15.3333333333333 0 2 0 0 0 0 0 0 0 0 0 0 0 0 2 46 0 20 0 0 3 0 3 0 0 0 4 0 0 0 0 0 0 0
CmdLineParser 97 13.1818181818182 82.6363636363636 0 0.454545454545455 0 0 0 0 8 0 0 0 0 0 0 0 3 909 0 663 7 0 11 0 8 0 0 0 84 0 0 0 24 0 0 0
cppcheckexecutor 0 76 4 0 1 0 0 0 0 9 0 0 0 0 0 0 0 1 4 0 4 0 0 1 0 1 0 0 0 2 0 0 0 9 0 0 0
CppCheckExecutor 2 4.86666666666667 25.7333333333333 0 1.73333333333333 0 0 0 0 17 0 0 0 1 0 0 0 5 386 0 121 6 0 15 0 11 0 0 0 94 0 0 0 85 0 0 0
filelister 0 9 44 0 5 0 0 0 0 18 0 0 0 0 0 0 0 1 44 0 44 0 0 1 0 1 0 0 0 2 0 0 0 18 0 0 0
FileLister 0 1.8 6.8 0 2.8 0 0 0 0 18 0 0 0 0 0 0 0 1 34 0 10 0 0 5 0 5 0 0 0 9 0 0 0 18 0 0 0
cli/main 0 2 28 0 2 0 0 0 0 20 0 0 0 0 0 0 0 1 28 0 28 0 0 1 0 1 0 0 0 3 0 0 0 20 0 0 0
gui/main 0 2.5 23 0 0.75 0 0 0 0 21 0 0 0 0 0 0 0 1 92 0 40 0 0 4 0 4 0 0 0 9 0 0 0 21 0 0 0
PathMatch 28 5 18.3333333333333 0 1.33333333333333 0 0 0 0 21 0 0 0 0 0 0 0 1 55 0 43 2 0 3 0 2 0 0 0 8 0 0 0 21 0 0 0
ThreadExecutor 2 6.6 4.1 0 1 0 0 0 0 21 0 0 0 1 0 0 0 3 41 0 12 4 0 10 0 8 0 0 0 37 0 0 0 63 0 0 0
democlient 0 5.5 29.5 0 1 0 0 0 0 22 0 0 0 0 0 0 0 1 59 0 43 0 0 2 0 2 0 0 0 4 0 0 0 22 0 0 0
CppcheckExecutor 3 1.625 7 0 1.5 0 0 0 0 23 0 0 0 1 0 0 0 6 56 0 12 5 0 8 1 8 0 0 0 26 0 0 0 138 0 0 0
tinyxml2 0 1.5 10.5 0 2 0 0 0 0 23 0 0 0 0 0 0 0 2 21 0 15 14 0 2 14 2 0 0 0 2 0 0 0 46 0 0 0
tinyxml2::Entity 10 0 0 0 0 0 0 0 0 23 0 0 0 0 0 0 0 0 0 0 0 3 0 0 3 0 0 0 0 0 0 0 0 0 0 0 0
tinyxml2::LongFitsIntoSizeTMinusOne 0 1 4 0 1 0 0 0 0 23 0 0 0 0 0 0 0 2 8 0 4 0 0 2 0 2 0 0 0 2 0 0 0 46 0 0 0
tinyxml2::StrPair 22 2.78571428571429 15.8571428571429 0 0.928571428571429 0 0 0 0 25 0 0 0 0 0 0 0 4 222 0 97 3 0 14 0 10 0 0 0 42 0 0 0 100 0 0 0
tinyxml2::DynArray 4 1 4.5625 0 0.4375 0 0 0 0 25 0 0 0 0 0 0 0 16 73 0 14 4 0 16 0 13 0 0 0 16 0 0 0 400 0 0 0
tinyxml2::MemPool 6 1 1 0 0.142857142857143 0 0 0 0 25 0 0 0 0 0 0 0 7 7 0 1 0 1 7 0 7 0 0 0 7 0 0 0 175 0 0 0
tinyxml2::MemPoolT 0 1 5.75 0 0.333333333333333 0 0 0 0 25 0 0 0 1 0 0 0 12 69 0 23 6 0 12 0 10 0 0 0 12 0 0 0 300 0 0 0
tinyxml2::MemPoolT::Chunk 0 0 0 0 0 0 0 0 0 25 0 0 0 0 0 0 0 0 0 0 0 2 0 0 2 0 0 0 0 0 0 0 0 0 0 0 0
tinyxml2::MemPoolT::Block 0 0 0 0 0 0 0 0 0 25 0 0 0 0 0 0 0 0 0 0 0 1 0 0 1 0 0 0 0 0 0 0 0 0 0 0 0
tinyxml2::XMLVisitor 7 1 2.77777777777778 0 1 0 0 0 0 25 0 0 0 0 0 0 0 9 25 0 3 0 1 9 0 9 0 0 0 9 0 0 0 225 0 0 0
tinyxml2::XMLUtil 51 2.6 13.05 0 2.1 0 0 0 0 25 0 0 0 0 0 0 0 20 261 0 94 0 0 20 0 20 0 0 0 30 0 0 0 500 0 0 0
tinyxml2::XMLNode 60 1.86111111111111 8.86111111111111 0 0.638888888888889 0 0 0 0 27 0 0 0 0 0 0 0 17 319 0 86 8 6 36 0 28 0 0 0 125 0 0 0 459 0 0 0
tinyxml2::XMLText 1 1.54545454545455 5.27272727272727 0 0.818181818181818 0 0 0 0 28 0 0 0 1 0 0 0 10 58 0 26 1 0 11 0 6 0 0 0 25 0 0 0 280 0 0 0
tinyxml2::XMLComment 0 1.22222222222222 4.44444444444444 0 0.888888888888889 0 0 0 0 28 0 0 0 1 0 0 0 9 40 0 10 0 0 9 0 4 0 0 0 21 0 0 0 252 0 0 0
tinyxml2::XMLDeclaration 0 1.22222222222222 4.55555555555556 0 0.888888888888889 0 0 0 0 28 0 0 0 1 0 0 0 9 41 0 10 0 0 9 0 4 0 0 0 21 0 0 0 252 0 0 0
tinyxml2::XMLUnknown 0 1.22222222222222 4.55555555555556 0 0.888888888888889 0 0 0 0 28 0 0 0 1 0 0 0 9 41 0 11 0 0 9 0 4 0 0 0 21 0 0 0 252 0 0 0
tinyxml2::XMLAttribute 22 1.32 5.56 0 0.64 0 0 0 0 28 0 0 0 0 0 0 0 25 139 0 26 4 0 25 0 19 0 0 0 59 0 0 0 700 0 0 0
tinyxml2::XMLElement 9 1.90384615384615 8.17307692307692 0 1.25 0 0 0 0 29 0 0 0 1 0 0 0 35 425 0 56 2 0 52 0 44 0 0 0 164 0 0 0 1015 0 0 0
tinyxml2::XMLDocument 30 1.74285714285714 11.0857142857143 0 0.8 0 0 0 0 29 0 0 0 1 0 0 0 17 388 0 72 12 0 35 0 32 0 0 0 107 0 0 0 493 0 0 0
tinyxml2::XMLHandle 0 1 3.05882352941176 0 0.470588235294118 0 0 0 0 29 0 0 0 0 0 0 0 16 52 0 4 1 0 17 0 17 0 0 0 19 0 0 0 464 0 0 0
tinyxml2::XMLConstHandle 0 1 3.05882352941176 0 0.470588235294118 0 0 0 0 29 0 0 0 0 0 0 0 16 52 0 4 1 0 17 0 17 0 0 0 19 0 0 0 464 0 0 0
tinyxml2::XMLPrinter 2 1.82857142857143 9.17142857142857 0 1.22857142857143 0 0 0 0 31 0 0 0 1 0 0 0 6 321 0 48 11 0 35 0 30 0 0 0 141 0 0 0 186 0 0 0
AboutDialog 0 2 14 0 3 0 0 0 0 31 0 0 0 1 0 0 0 1 14 0 14 1 0 1 0 1 0 0 0 2 0 0 0 31 0 0 0
Application 8 1 3.25 0 0.75 0 0 0 0 31 0 0 0 0 0 0 0 5 26 0 7 3 0 8 0 8 0 0 0 14 0 0 0 155 0 0 0
ApplicationDialog 0 1 10.5 0 1.5 0 0 0 0 32 0 0 0 1 0 0 0 2 21 0 17 2 0 2 0 2 0 0 0 6 0 0 0 64 0 0 0
ApplicationList 6 2.57142857142857 12.5714285714286 0 0.642857142857143 0 0 0 0 32 0 0 0 1 0 0 0 2 176 0 58 2 0 14 0 11 0 0 0 56 0 0 0 64 0 0 0
CheckStatistics 2 4.5 15.5 0 0.75 0 0 0 0 32 0 0 0 1 0 0 0 1 62 0 27 6 0 4 0 4 0 0 0 23 0 0 0 32 0 0 0
CheckThread 0 1.6 8.4 0 0.4 0 0 0 0 33 0 0 0 1 0 0 0 3 42 0 21 3 0 5 0 5 0 0 0 15 0 0 0 99 0 0 0
common 4 2 9 0 1.5 0 0 0 0 33 0 0 0 0 0 0 0 2 18 0 13 0 0 2 0 2 0 0 0 2 0 0 0 66 0 0 0
cppchecklibrarydata 0 8.9 30.3 0 1.7 0 0 0 0 43 0 0 0 0 0 0 0 8 303 0 87 0 0 10 0 10 0 0 0 84 0 0 0 344 0 0 0
CppcheckLibraryData 2 5 21.25 0 0.25 0 0 0 0 43 0 0 0 0 0 0 0 2 85 0 43 5 0 4 5 4 0 0 0 26 0 0 0 86 0 0 0
CppcheckLibraryData::Container 5 1 1 0 0 0 0 0 0 43 0 0 0 0 0 0 0 1 1 0 1 12 0 1 12 1 0 0 0 1 0 0 0 43 0 0 0
CppcheckLibraryData::Container::@6 0 0 0 0 0 0 0 0 0 43 0 0 0 0 0 0 0 0 0 0 0 2 0 0 2 0 0 0 0 0 0 0 0 0 0 0 0
CppcheckLibraryData::Container::Function 3 0 0 0 0 0 0 0 0 43 0 0 0 0 0 0 0 0 0 0 0 3 0 0 3 0 0 0 0 0 0 0 0 0 0 0 0
CppcheckLibraryData::Define 2 0 0 0 0 0 0 0 0 43 0 0 0 0 0 0 0 0 0 0 0 2 0 0 2 0 0 0 0 0 0 0 0 0 0 0 0
CppcheckLibraryData::Function 2 1 3 0 0 0 0 0 0 43 0 0 0 0 0 0 0 1 3 0 3 16 0 1 16 1 0 0 0 1 0 0 0 43 0 0 0
CppcheckLibraryData::Function::@7 0 0 0 0 0 0 0 0 0 43 0 0 0 0 0 0 0 0 0 0 0 2 0 0 2 0 0 0 0 0 0 0 0 0 0 0 0
CppcheckLibraryData::Function::Arg 5 1 3 0 0 0 0 0 0 43 0 0 0 0 0 0 0 1 3 0 3 10 0 1 10 1 0 0 0 1 0 0 0 43 0 0 0
CppcheckLibraryData::Function::Arg::MinSize 4 0 0 0 0 0 0 0 0 43 0 0 0 0 0 0 0 0 0 0 0 3 0 0 3 0 0 0 0 0 0 0 0 0 0 0 0
CppcheckLibraryData::Function::@8 0 0 0 0 0 0 0 0 0 43 0 0 0 0 0 0 0 0 0 0 0 4 0 0 4 0 0 0 0 0 0 0 0 0 0 0 0
CppcheckLibraryData::MemoryResource 1 0 0 0 0 0 0 0 0 43 0 0 0 0 0 0 0 0 0 0 0 4 0 0 4 0 0 0 0 0 0 0 0 0 0 0 0
CppcheckLibraryData::MemoryResource::Alloc 2 1 1 0 0 0 0 0 0 43 0 0 0 0 0 0 0 1 1 0 1 2 0 1 2 1 0 0 0 1 0 0 0 43 0 0 0
CppcheckLibraryData::PodType 2 0 0 0 0 0 0 0 0 43 0 0 0 0 0 0 0 0 0 0 0 3 0 0 3 0 0 0 0 0 0 0 0 0 0 0 0
CsvReport 0 1.16666666666667 6 0 0.333333333333333 0 0 0 0 45 0 0 0 2 0 0 0 5 36 0 13 1 0 6 0 6 0 0 0 14 0 0 0 225 0 0 0
erroritem 0 1 1 0 1 0 0 0 0 45 0 0 0 0 0 0 0 1 1 0 1 0 0 1 0 1 0 0 0 1 0 0 0 45 0 0 0
GuiSeverity 1 1 3 0 1 0 0 0 0 45 0 0 0 0 0 0 0 2 6 0 3 0 0 2 0 2 0 0 0 2 0 0 0 90 0 0 0
ErrorItem 10 1.66666666666667 9.66666666666667 0 0.333333333333333 0 0 0 0 47 0 0 0 0 0 0 0 2 29 0 13 9 0 3 9 3 0 0 0 14 0 0 0 94 0 0 0
ErrorLine 3 0 0 0 0 0 0 0 0 47 0 0 0 0 0 0 0 0 0 0 0 7 0 0 7 0 0 0 0 0 0 0 0 0 0 0 0
FileList 2 2.66666666666667 11.2222222222222 0 0.777777777777778 0 0 0 0 47 0 0 0 0 0 0 0 1 101 0 26 2 0 9 0 6 0 0 0 23 0 0 0 47 0 0 0
FileViewDialog 0 1.66666666666667 16 0 2 0 0 0 0 47 0 0 0 1 0 0 0 2 48 0 35 1 0 3 1 1 0 0 0 5 0 0 0 94 0 0 0
libraryaddfunctiondialog 0 0 0 0 0 0 0 0 0 47 0 0 0 0 0 0 0 0 0 0 0 0 0 0 0 0 0 0 0 0 0 0 0 0 0 0 0
LibraryAddFunctionDialog 0 1 5.25 0 0.25 0 0 0 0 47 0 0 0 1 0 0 0 1 21 0 9 1 0 4 0 4 0 0 0 8 0 0 0 47 0 0 0
FunctionListItem 0 1 8 0 3 0 0 0 0 47 0 0 0 1 0 0 0 1 8 0 8 1 0 1 1 1 0 0 0 3 0 0 0 47 0 0 0
LibraryDialog 0 1.8 10 0 0.6 0 0 0 0 47 0 0 0 1 0 0 0 1 50 0 17 4 0 5 0 2 0 0 0 22 0 0 0 47 0 0 0
LibraryEditArgDialog 0 3.66666666666667 28.3333333333333 0 0.666666666666667 0 0 0 0 47 0 0 0 1 0 0 0 1 85 0 53 2 0 3 0 3 0 0 0 24 0 0 0 47 0 0 0
LogView 0 1 8.33333333333333 0 0.666666666666667 0 0 0 0 47 0 0 0 1 0 0 0 2 25 0 15 1 0 3 0 3 0 0 0 5 0 0 0 94 0 0 0
mainwindow 0 1 1 0 1 0 0 0 0 47 0 0 0 0 0 0 0 1 1 0 1 0 0 1 0 1 0 0 0 1 0 0 0 47 0 0 0
MainWindow 0 4.03448275862069 29.6551724137931 0 1.03448275862069 0 0 0 0 55 0 0 0 1 0 0 0 2 860 0 156 18 0 29 1 13 0 0 0 202 0 0 0 110 0 0 0
Platform 2 0 0 0 0 0 0 0 0 55 0 0 0 0 0 0 0 0 0 0 0 3 0 0 3 0 0 0 0 0 0 0 0 0 0 0 0
Platforms 1 1.4 7.2 0 0.8 0 0 0 0 55 0 0 0 1 0 0 0 1 36 0 11 1 0 5 1 5 0 0 0 12 0 0 0 55 0 0 0
PrintableReport 0 1 4.57142857142857 0 0.142857142857143 0 0 0 0 55 0 0 0 2 0 0 0 6 32 0 9 1 0 7 0 7 0 0 0 13 0 0 0 330 0 0 0
Project 7 1.4 10.3 0 0.4 0 0 0 0 56 0 0 0 1 0 0 0 3 103 0 48 3 0 10 0 10 0 0 0 54 0 0 0 168 0 0 0
projectfile 0 0 0 0 0 0 0 0 0 56 0 0 0 0 0 0 0 0 0 0 0 24 0 0 24 0 0 0 0 0 0 0 0 0 0 0 0
ProjectFile 9 5.51851851851852 16.8518518518519 0 0.925925925925926 0 0 0 0 56 0 0 0 1 0 0 0 3 455 0 79 8 0 27 0 21 0 0 0 86 0 0 0 168 0 0 0
ProjectFileDialog 1 2.14285714285714 10.952380952381 0 0.571428571428571 0 0 0 0 56 0 0 0 1 0 0 0 5 230 0 66 3 0 21 0 16 0 0 0 41 0 0 0 280 0 0 0
Report 16 1.33333333333333 4.22222222222222 0 0.222222222222222 0 0 0 0 56 0 0 0 1 0 0 0 5 38 0 9 2 4 9 0 8 0 0 0 16 0 0 0 280 0 0 0
ResultsTree 0 3.625 23.05 0 1.175 0 0 0 0 57 0 0 0 1 0 0 0 4 922 0 115 14 0 40 1 23 0 0 0 164 0 0 0 228 0 0 0
ResultsView 0 1.85 10.95 0 1.05 0 0 0 0 59 0 0 0 1 0 0 0 2 219 0 44 3 0 20 0 20 0 0 0 49 0 0 0 118 0 0 0
ScratchPad 0 1 8 0 1 0 0 0 0 59 0 0 0 1 0 0 0 1 8 0 8 2 0 1 0 1 0 0 0 2 0 0 0 59 0 0 0
SettingsDialog 0 1.77777777777778 11.2777777777778 0 0.5 0 0 0 0 60 0 0 0 1 0 0 0 2 203 0 55 5 0 18 0 9 0 0 0 57 0 0 0 120 0 0 0
ShowTypes 3 2.5 9.5 0 0.7 0 0 0 0 60 0 0 0 0 0 0 0 3 95 0 26 1 0 10 1 10 0 0 0 18 0 0 0 180 0 0 0
StatsDialog 0 2 11.3333333333333 0 1 0 0 0 0 60 0 0 0 1 0 0 0 1 68 0 28 2 0 6 0 6 0 0 0 19 0 0 0 60 0 0 0
BenchmarkSimple 0 1 2 0 1 0 0 0 0 60 0 0 0 1 0 0 0 2 4 0 2 0 0 2 0 0 0 0 0 2 0 0 0 120 0 0 0
simple 0 64.6666666666667 50.5 0 2 0 0 0 0 71 0 0 0 0 0 0 0 3 303 0 212 0 0 6 0 6 0 0 0 138 0 0 0 213 0 0 0
ScopeInfo 1 1.5 5.33333333333333 0 0.666666666666667 0 0 0 0 71 0 0 0 0 0 0 0 6 32 0 12 3 0 6 0 6 0 0 0 6 0 0 0 426 0 0 0
Variables 5 2.48387096774194 9.83870967741935 0 1.41935483870968 0 0 0 0 71 0 0 0 0 0 0 0 10 305 0 31 3 0 31 0 29 0 0 0 134 0 0 0 710 0 0 0
Variables::VariableUsage 26 1 8.2 0 2.8 0 0 0 0 71 0 0 0 0 0 0 0 4 41 0 15 11 0 5 11 5 0 0 0 11 0 0 0 284 0 0 0
TestFileList 0 0 0 0 0 0 0 0 0 71 0 0 0 1 0 0 0 0 0 0 0 0 0 0 0 0 0 0 0 0 0 0 0 0 0 0 0
TestProjectFile 0 0 0 0 0 0 0 0 0 71 0 0 0 1 0 0 0 0 0 0 0 0 0 0 0 0 0 0 0 0 0 0 0 0 0 0 0
TestTranslationHandler 0 0 0 0 0 0 0 0 0 71 0 0 0 1 0 0 0 0 0 0 0 0 0 0 0 0 0 0 0 0 0 0 0 0 0 0 0
TestXmlReport 0 0 0 0 0 0 0 0 0 71 0 0 0 1 0 0 0 0 0 0 0 0 0 0 0 0 0 0 0 0 0 0 0 0 0 0 0
TestXmlReportV1 0 0 0 0 0 0 0 0 0 71 0 0 0 1 0 0 0 0 0 0 0 0 0 0 0 0 0 0 0 0 0 0 0 0 0 0 0
TestXmlReportV2 0 0 0 0 0 0 0 0 0 71 0 0 0 1 0 0 0 0 0 0 0 0 0 0 0 0 0 0 0 0 0 0 0 0 0 0 0
ThreadHandler 7 1.95 9.6 0 0.75 0 0 0 0 71 0 0 0 1 0 0 0 2 192 0 39 8 0 20 0 18 0 0 0 63 0 0 0 142 0 0 0
ThreadResult 7 1.5 9.875 0 0.375 0 0 0 0 71 0 0 0 1 0 0 0 4 79 0 30 6 0 8 0 8 0 0 0 39 0 0 0 284 0 0 0
translationhandler 0 1 13 0 0 0 0 0 0 71 0 0 0 0 0 0 0 1 13 0 13 0 0 1 0 1 0 0 0 1 0 0 0 71 0 0 0
TranslationInfo 3 0 0 0 0 0 0 0 0 71 0 0 0 0 0 0 0 0 0 0 0 3 0 0 3 0 0 0 0 0 0 0 0 0 0 0 0
TranslationHandler 4 2.66666666666667 17.7777777777778 0 0.555555555555556 0 0 0 0 71 0 0 0 1 0 0 0 3 160 0 82 3 0 9 0 7 0 0 0 23 0 0 0 213 0 0 0
TxtReport 0 1.83333333333333 9 0 0.333333333333333 0 0 0 0 71 0 0 0 2 0 0 0 5 54 0 31 1 0 6 0 6 0 0 0 15 0 0 0 355 0 0 0
xmlreport 0 0 0 0 0 0 0 0 0 71 0 0 0 0 0 0 0 0 0 0 0 2 0 0 2 0 0 0 0 0 0 0 0 0 0 0 0
XmlReport 3 4 12.6 0 0.8 0 0 0 0 71 0 0 0 2 0 0 0 5 63 0 38 0 2 5 0 5 0 0 0 5 0 0 0 355 0 0 0
xmlreportv1 0 0 0 0 0 0 0 0 0 71 0 0 0 0 0 0 0 0 0 0 0 7 0 0 7 0 0 0 0 0 0 0 0 0 0 0 0
XmlReportV1 0 3.33333333333333 14.7777777777778 0 0.333333333333333 0 0 0 0 71 0 0 0 3 0 0 0 2 133 0 41 2 0 9 0 8 0 0 0 35 0 0 0 142 0 0 0
xmlreportv2 0 0 0 0 0 0 0 0 0 71 0 0 0 0 0 0 0 0 0 0 0 12 0 0 12 0 0 0 0 0 0 0 0 0 0 0 0
XmlReportV2 0 5 20.6666666666667 0 0.333333333333333 0 0 0 0 71 0 0 0 3 0 0 0 2 186 0 62 2 0 9 0 8 0 0 0 37 0 0 0 142 0 0 0
example 0 1 5 0 0 0 0 0 0 71 0 0 0 0 0 0 0 1 5 0 5 0 0 1 0 1 0 0 0 1 0 0 0 71 0 0 0
astutils 24 7.81818181818182 25.6363636363636 0 2.54545454545455 0 0 0 0 72 0 0 0 0 0 0 0 9 282 0 92 0 0 11 0 11 0 0 0 77 0 0 0 648 0 0 0
Check 217 1.21052631578947 3.94736842105263 0 2.15789473684211 0 0 0 0 72 0 0 0 0 0 0 0 18 75 0 12 4 28 19 0 13 0 0 0 24 0 0 0 1296 0 0 0
Check::FileInfo 2 1 1 0 0 0 0 0 0 72 0 0 0 0 0 0 0 2 2 0 1 0 2 2 0 2 0 0 0 2 0 0 0 144 0 0 0
Check64BitPortability 1 2.58333333333333 12.0833333333333 0 1.25 0 0 0 0 74 0 0 0 1 0 0 0 6 145 0 76 0 0 12 0 5 0 0 0 37 0 0 0 444 0 0 0
CheckAssert 1 2.63636363636364 9.90909090909091 0 1.36363636363636 0 0 0 0 75 0 0 0 1 0 0 0 5 109 0 51 0 0 11 0 4 0 0 0 39 0 0 0 375 0 0 0
checkautovariables 0 7 22.6666666666667 0 1.66666666666667 0 0 0 0 75 0 0 0 0 0 0 0 3 68 0 34 0 0 3 0 3 0 0 0 20 0 0 0 225 0 0 0
CheckAutoVariables 1 3.81481481481481 15.4444444444444 0 1.07407407407407 0 0 0 0 76 0 0 0 1 0 0 0 5 417 0 69 0 0 27 0 8 0 0 0 148 0 0 0 380 0 0 0
checkbool 0 1.5 5.5 0 1 0 0 0 0 76 0 0 0 0 0 0 0 4 22 0 10 0 0 4 0 4 0 0 0 13 0 0 0 304 0 0 0
CheckBool 1 4.17857142857143 16.3214285714286 0 1.17857142857143 0 0 0 0 76 0 0 0 1 0 0 0 5 457 0 56 0 0 28 0 14 0 0 0 171 0 0 0 380 0 0 0
CheckBoost 1 2 7.125 0 1.125 0 0 0 0 76 0 0 0 1 0 0 0 5 57 0 27 0 0 8 0 4 0 0 0 22 0 0 0 380 0 0 0
checkbufferoverrun 0 7.28571428571429 25.1428571428571 0 2.28571428571429 0 0 0 0 77 0 0 0 0 0 0 0 7 176 0 67 0 0 7 0 7 0 0 0 32 0 0 0 539 0 0 0
CheckBufferOverrun 3 8.04651162790698 36.9767441860465 0 1.74418604651163 0 0 0 0 82 0 0 0 1 0 0 0 12 1590 0 216 0 0 43 0 22 0 0 0 345 0 0 0 984 0 0 0
CheckBufferOverrun::ArrayInfo 10 1.71428571428571 6 0 1.07142857142857 0 0 0 0 83 0 0 0 0 0 0 0 9 84 0 18 4 0 14 0 14 0 0 0 32 0 0 0 747 0 0 0
CheckBufferOverrun::MyFileInfo 2 0 0 0 0 0 0 0 0 83 0 0 0 1 0 0 0 0 0 0 0 2 0 0 2 0 0 0 0 0 0 0 0 0 0 0 0
CheckBufferOverrun::MyFileInfo::ArrayUsage 1 0 0 0 0 0 0 0 0 83 0 0 0 0 0 0 0 0 0 0 0 3 0 0 3 0 0 0 0 0 0 0 0 0 0 0 0
checkclass 0 11 27.5 0 1.5 0 0 0 0 83 0 0 0 0 0 0 0 2 55 0 46 0 0 2 0 2 0 0 0 21 0 0 0 166 0 0 0
'@21::VarInfo' 0 0 0 0 0 0 0 0 0 83 0 0 0 0 0 0 0 0 0 0 0 2 0 0 2 0 0 0 0 0 0 0 0 0 0 0 0
CheckClass 16 7.39705882352941 31.0441176470588 0 2 0 0 0 0 83 0 0 0 1 0 0 0 5 2111 0 288 1 0 68 0 21 0 0 0 498 0 0 0 415 0 0 0
CheckClass::Usage 0 1 1 0 0 0 0 0 0 83 0 0 0 0 0 0 0 1 1 0 1 2 0 1 2 1 0 0 0 1 0 0 0 83 0 0 0
checkcondition 0 4.54545454545455 16.4545454545455 0 2.45454545454545 0 0 0 0 83 0 0 0 0 0 0 0 10 181 0 39 0 0 11 0 11 0 0 0 38 0 0 0 830 0 0 0
CheckCondition 2 6.35483870967742 27.1612903225806 0 1.70967741935484 0 0 0 0 83 0 0 0 1 0 0 0 5 842 0 157 0 0 31 0 15 0 0 0 216 0 0 0 415 0 0 0
checkexceptionsafety 0 5.5 19.5 0 1.5 0 0 0 0 83 0 0 0 0 0 0 0 1 39 0 33 0 0 2 0 2 0 0 0 9 0 0 0 83 0 0 0
CheckExceptionSafety 1 3.77777777777778 15.5555555555556 0 1.05555555555556 0 0 0 0 83 0 0 0 1 0 0 0 5 280 0 62 0 0 18 0 9 0 0 0 94 0 0 0 415 0 0 0
CheckFunctions 1 4.64705882352941 16.6470588235294 0 1.47058823529412 0 0 0 0 84 0 0 0 1 0 0 0 6 283 0 72 0 0 17 0 9 0 0 0 108 0 0 0 504 0 0 0
CheckInternal 0 1.05 2.55 0 1.55 0 0 0 0 84 0 0 0 1 0 0 0 6 51 0 13 0 0 20 0 9 0 0 0 35 0 0 0 504 0 0 0
checkio 0 5.5 18.25 0 2.75 0 0 0 0 84 0 0 0 0 0 0 0 4 73 0 33 0 0 4 0 4 0 0 0 6 0 0 0 336 0 0 0
Filepointer 0 1 3 0 1 0 0 0 0 84 0 0 0 0 0 0 0 1 3 0 3 5 0 1 5 1 0 0 0 1 0 0 0 84 0 0 0
CheckIO 1 14.0571428571429 44.2285714285714 0 2.31428571428571 0 0 0 0 85 0 0 0 1 0 0 0 5 1548 0 785 0 0 35 0 8 0 0 0 217 0 0 0 425 0 0 0
CheckIO::ArgumentInfo 1 9.4 32.3 0 0.7 0 0 0 0 85 0 0 0 0 0 0 0 3 323 0 188 8 0 10 8 8 0 0 0 101 0 0 0 255 0 0 0
VarInfo 0 1.6 7.6 0 0.6 0 0 0 0 85 0 0 0 0 0 0 0 5 38 0 14 4 0 5 4 5 0 0 0 7 0 0 0 425 0 0 0
VarInfo::AllocInfo 2 1 1 0 2 0 0 0 0 85 0 0 0 0 0 0 0 1 1 0 1 2 0 1 2 1 0 0 0 1 0 0 0 85 0 0 0
CheckLeakAutoVar 2 7 28.8888888888889 0 2 0 0 0 0 87 0 0 0 1 0 0 0 5 520 0 314 0 0 18 0 3 0 0 0 113 0 0 0 435 0 0 0
checkmemoryleak 0 2.83333333333333 10 0 2.16666666666667 0 0 0 0 87 0 0 0 0 0 0 0 6 60 0 17 0 0 6 0 6 0 0 0 27 0 0 0 522 0 0 0
CheckMemoryLeak 18 4.75 16.9 0 2.3 0 0 0 0 87 0 0 0 0 0 0 0 6 338 0 77 3 4 20 0 15 0 0 0 107 0 0 0 522 0 0 0
CheckMemoryLeakInFunction 7 27 119.428571428571 0 2.28571428571429 0 0 0 0 87 0 0 0 1 0 0 0 12 1672 0 654 1 0 14 0 11 0 0 0 108 0 0 0 1044 0 0 0
CheckMemoryLeakInClass 2 4.45454545454545 18.1818181818182 0 1.54545454545455 0 0 0 0 88 0 0 0 1 0 0 0 8 200 0 109 0 0 11 0 4 0 0 0 41 0 0 0 704 0 0 0
CheckMemoryLeakStructMember 2 6.33333333333333 23.4444444444444 0 1.11111111111111 0 0 0 0 88 0 0 0 1 0 0 0 8 211 0 169 0 0 9 0 4 0 0 0 37 0 0 0 704 0 0 0
CheckMemoryLeakNoVar 2 3 11.5 0 1.58333333333333 0 0 0 0 88 0 0 0 1 0 0 0 8 138 0 45 0 0 12 0 4 0 0 0 49 0 0 0 704 0 0 0
checknullpointer 0 1 4 0 2 0 0 0 0 88 0 0 0 0 0 0 0 1 4 0 4 0 0 1 0 1 0 0 0 4 0 0 0 88 0 0 0
CheckNullPointer 1 7.75 27.1875 0 1.625 0 0 0 0 89 0 0 0 1 0 0 0 7 435 0 91 0 0 16 0 11 0 0 0 106 0 0 0 623 0 0 0
checkother 0 3.375 10.875 0 1.5 0 0 0 0 89 0 0 0 0 0 0 0 7 87 0 21 0 0 8 0 8 0 0 0 34 0 0 0 623 0 0 0
CheckOther 9 6.34782608695652 25.6739130434783 0 1.22826086956522 0 0 0 0 89 0 0 0 1 0 0 0 6 2362 0 151 0 0 92 0 42 0 0 0 720 0 0 0 534 0 0 0
CheckPostfixOperator 1 2.125 7.875 0 1.125 0 0 0 0 89 0 0 0 1 0 0 0 5 63 0 31 0 0 8 0 4 0 0 0 27 0 0 0 445 0 0 0
CheckSizeof 1 3.52 14.84 0 1.12 0 0 0 0 89 0 0 0 1 0 0 0 6 371 0 114 0 0 25 0 11 0 0 0 129 0 0 0 534 0 0 0
checkstl 0 2.16666666666667 7.33333333333333 0 1 0 0 0 0 89 0 0 0 0 0 0 0 6 44 0 15 0 0 6 0 6 0 0 0 22 0 0 0 534 0 0 0
CheckStl 1 6.92 27.84 0 1.26 0 0 0 0 90 0 0 0 1 0 0 0 6 1392 0 165 0 0 50 0 20 0 0 0 357 0 0 0 540 0 0 0
checkstring 0 1 4 0 1 0 0 0 0 90 0 0 0 0 0 0 0 1 4 0 4 0 0 1 0 1 0 0 0 5 0 0 0 90 0 0 0
CheckString 1 4 15.2272727272727 0 1.40909090909091 0 0 0 0 90 0 0 0 1 0 0 0 5 335 0 60 0 0 22 0 10 0 0 0 106 0 0 0 450 0 0 0
CheckType 1 3.875 17 0 1.25 0 0 0 0 90 0 0 0 1 0 0 0 6 272 0 67 0 0 16 0 8 0 0 0 97 0 0 0 540 0 0 0
checkuninitvar 0 5.8 21.6 0 2.2 0 0 0 0 91 0 0 0 0 0 0 0 5 108 0 72 0 0 5 0 5 0 0 0 25 0 0 0 455 0 0 0
VariableValue 3 1 1 0 1 0 0 0 0 91 0 0 0 0 0 0 0 1 1 0 1 2 0 1 2 1 0 0 0 1 0 0 0 91 0 0 0
CheckUninitVar 2 11.9166666666667 43.4166666666667 0 2.45833333333333 0 0 0 0 91 0 0 0 1 0 0 0 6 1042 0 379 0 0 24 0 21 0 0 0 217 0 0 0 546 0 0 0
CheckUninitVar::MyFileInfo 0 0 0 0 0 0 0 0 0 91 0 0 0 1 0 0 0 0 0 0 0 2 0 0 2 0 0 0 0 0 0 0 0 0 0 0 0
CheckUnusedFunctions 2 6 22.3636363636364 0 2 0 0 0 0 92 0 0 0 1 0 0 0 6 246 0 170 2 0 11 1 6 0 0 0 71 0 0 0 552 0 0 0
CheckUnusedFunctions::FunctionUsage 2 1 2 0 0 0 0 0 0 92 0 0 0 0 0 0 0 1 2 0 2 4 0 1 4 1 0 0 0 1 0 0 0 92 0 0 0
checkunusedvar 0 14.25 62.25 0 1.75 0 0 0 0 92 0 0 0 0 0 0 0 4 249 0 218 0 0 4 0 4 0 0 0 35 0 0 0 368 0 0 0
Variables::ScopeGuard 0 1 2.75 0 0.75 0 0 0 0 92 0 0 0 0 0 0 0 4 11 0 6 2 0 4 0 2 0 0 0 4 0 0 0 368 0 0 0
CheckUnusedVar 2 10.5294117647059 40.8235294117647 0 1.64705882352941 0 0 0 0 92 0 0 0 1 0 0 0 10 694 0 423 2 0 17 0 7 0 0 0 93 0 0 0 920 0 0 0
CheckVaarg 1 3 10.5384615384615 0 1.46153846153846 0 0 0 0 92 0 0 0 1 0 0 0 5 137 0 52 0 0 13 0 5 0 0 0 62 0 0 0 460 0 0 0
config 0 0 0 0 0 0 0 0 0 92 0 0 0 0 0 0 0 0 0 0 0 1 0 0 1 0 0 0 0 0 0 0 0 0 0 0 0
cppcheck 0 0 0 0 0 0 0 0 0 92 0 0 0 0 0 0 0 0 0 0 0 3 0 0 3 0 0 0 0 0 0 0 0 0 0 0 0
CppCheck 18 4.36 23.24 0 1.12 0 0 0 0 94 0 0 0 1 0 0 0 7 581 0 235 9 0 25 0 15 0 0 0 175 0 0 0 658 0 0 0
InternalError 7 3 12 0 3 0 0 0 0 94 0 0 0 0 0 0 0 1 12 0 12 3 0 1 3 1 0 0 0 1 0 0 0 94 0 0 0
Severity 4 9.5 21 0 1 0 0 0 0 94 0 0 0 0 0 0 0 2 42 0 21 0 0 2 0 2 0 0 0 3 0 0 0 188 0 0 0
ErrorLogger 100 2.55555555555556 8.88888888888889 0 1 0 0 0 0 94 0 0 0 0 0 0 0 8 80 0 32 0 9 9 0 9 0 0 0 10 0 0 0 752 0 0 0
ErrorLogger::ErrorMessage 33 3.42857142857143 21.7142857142857 0 1.64285714285714 0 0 0 0 96 0 0 0 0 0 0 0 6 304 0 69 8 0 14 6 12 0 0 0 67 0 0 0 576 0 0 0
ErrorLogger::ErrorMessage::FileLocation 12 1.33333333333333 5.16666666666667 0 1 0 0 0 0 96 0 0 0 0 0 0 0 4 31 0 9 2 0 6 1 6 0 0 0 10 0 0 0 384 0 0 0
library 0 5 20 0 1.33333333333333 0 0 0 0 96 0 0 0 0 0 0 0 2 60 0 25 0 0 3 0 3 0 0 0 15 0 0 0 192 0 0 0
Library 92 5.35849056603774 18.5471698113208 0 1.45283018867925 0 0 0 0 98 0 0 0 0 0 0 0 25 983 0 393 28 0 53 9 50 0 0 0 184 0 0 0 2450 0 0 0
Library::Error 8 1 1 0 1 0 0 0 0 98 0 0 0 0 0 0 0 3 3 0 1 2 0 3 2 3 0 0 0 3 0 0 0 294 0 0 0
Library::WarnInfo 3 0 0 0 0 0 0 0 0 98 0 0 0 0 0 0 0 0 0 0 0 3 0 0 3 0 0 0 0 0 0 0 0 0 0 0 0
Library::Container 9 1.66666666666667 6.33333333333333 0 0.666666666666667 0 0 0 0 98 0 0 0 0 0 0 0 3 19 0 7 9 0 3 9 3 0 0 0 3 0 0 0 294 0 0 0
Library::Container::Function 0 0 0 0 0 0 0 0 0 98 0 0 0 0 0 0 0 0 0 0 0 2 0 0 2 0 0 0 0 0 0 0 0 0 0 0 0
Library::ArgumentChecks 8 1 7 0 0 0 0 0 0 98 0 0 0 0 0 0 0 1 7 0 7 7 0 1 7 1 0 0 0 1 0 0 0 98 0 0 0
Library::ArgumentChecks::MinSize 1 1 1 0 2 0 0 0 0 98 0 0 0 0 0 0 0 1 1 0 1 3 0 1 3 1 0 0 0 1 0 0 0 98 0 0 0
Library::PodType 4 0 0 0 0 0 0 0 0 98 0 0 0 0 0 0 0 0 0 0 0 2 0 0 2 0 0 0 0 0 0 0 0 0 0 0 0
Library::PlatformType 2 1 6.66666666666667 0 0.666666666666667 0 0 0 0 98 0 0 0 0 0 0 0 3 20 0 9 7 0 3 7 3 0 0 0 10 0 0 0 294 0 0 0
Library::Platform 0 1 4 0 1 0 0 0 0 98 0 0 0 0 0 0 0 1 4 0 4 1 0 1 1 1 0 0 0 1 0 0 0 98 0 0 0
Library::ExportedFunctions 0 1 3 0 1 0 0 0 0 98 0 0 0 0 0 0 0 4 12 0 3 2 0 4 0 4 0 0 0 4 0 0 0 392 0 0 0
Library::CodeBlock 0 1 2.77777777777778 0 0.555555555555556 0 0 0 0 98 0 0 0 0 0 0 0 9 25 0 3 4 0 9 0 9 0 0 0 9 0 0 0 882 0 0 0
matchcompiler 0 1 4 0 1.8 0 0 0 0 98 0 0 0 0 0 0 0 4 20 0 4 0 0 5 0 5 0 0 0 6 0 0 0 392 0 0 0
MatchCompiler::ConstString 0 1 3 0 0.5 0 0 0 0 98 0 0 0 0 0 0 0 2 6 0 3 1 0 2 1 2 0 0 0 3 0 0 0 196 0 0 0
mathlib 1 2.27272727272727 7.54545454545455 0 1.81818181818182 0 0 0 0 99 0 0 0 0 0 0 0 11 83 0 35 0 0 11 0 11 0 0 0 21 0 0 0 1089 0 0 0
MathLib 1 6.77777777777778 23.1388888888889 0 1.41666666666667 0 0 0 0 100 0 0 0 0 0 0 0 3 833 0 97 0 0 36 0 36 0 0 0 130 0 0 0 300 0 0 0
MathLib::value 23 7.55555555555556 24.5555555555556 0 0.777777777777778 0 0 0 0 101 0 0 0 0 0 0 0 1 221 0 99 4 0 9 0 8 0 0 0 42 0 0 0 101 0 0 0
path 0 1 6.5 0 0.5 0 0 0 0 101 0 0 0 0 0 0 0 2 13 0 9 0 0 2 0 2 0 0 0 2 0 0 0 202 0 0 0
Path 0 2.6 13.6 0 1.2 0 0 0 0 101 0 0 0 0 0 0 0 10 204 0 69 0 0 15 0 15 0 0 0 26 0 0 0 1010 0 0 0
preprocessor 1 5.78571428571429 24.7142857142857 0 2.28571428571429 0 0 0 0 101 0 0 0 0 0 0 0 9 346 0 77 0 0 14 0 14 0 0 0 28 0 0 0 909 0 0 0
PreprocessorMacro 1 6.44444444444444 25.4444444444444 0 0.888888888888889 0 0 0 0 102 0 0 0 0 0 0 0 8 229 0 128 5 0 9 0 7 0 0 0 20 0 0 0 816 0 0 0
Preprocessor 136 16.9032258064516 80.741935483871 0 2.35483870967742 0 0 0 0 103 0 0 0 0 0 0 0 5 2503 0 393 6 1 31 3 26 0 0 0 179 0 0 0 515 0 0 0
Settings 471 4.25 25.1666666666667 0 0.5 0 0 0 0 103 0 0 0 0 0 0 0 9 302 0 132 58 1 12 55 12 0 0 0 54 0 0 0 927 0 0 0
Settings::Rule 2 1 5 0 0 0 0 0 0 103 0 0 0 0 0 0 0 1 5 0 5 5 0 1 5 1 0 0 0 1 0 0 0 103 0 0 0
Standards 34 2.66666666666667 9 0 0.666666666666667 0 0 0 0 103 0 0 0 0 0 0 0 3 27 0 15 3 0 3 3 3 0 0 0 5 0 0 0 309 0 0 0
Suppressions 28 5.71428571428571 21.5714285714286 0 2 0 0 0 0 103 0 0 0 0 0 0 0 1 151 0 40 1 0 7 0 7 0 0 0 16 0 0 0 103 0 0 0
Suppressions::FileMatcher 0 6.75 29.5 0 2 0 0 0 0 103 0 0 0 0 0 0 0 4 118 0 59 2 0 4 0 3 0 0 0 6 0 0 0 412 0 0 0
Suppressions::SuppressionEntry 0 1 3 0 3 0 0 0 0 103 0 0 0 0 0 0 0 1 3 0 3 3 0 1 3 1 0 0 0 1 0 0 0 103 0 0 0
symboldatabase 0 6.11111111111111 28.8888888888889 0 2.44444444444444 0 0 0 0 103 0 0 0 0 0 0 0 7 260 0 120 0 0 9 0 9 0 0 0 57 0 0 0 721 0 0 0
Dimension 3 1 1 0 0 0 0 0 0 103 0 0 0 0 0 0 0 1 1 0 1 4 0 1 4 1 0 0 0 1 0 0 0 103 0 0 0
Type 26 6.33333333333333 23.3333333333333 0 1.33333333333333 0 0 0 0 104 0 0 0 0 0 0 0 6 140 0 79 6 0 6 6 6 0 0 0 19 0 0 0 624 0 0 0
Type::BaseInfo 1 1 3 0 0.5 0 0 0 0 104 0 0 0 0 0 0 0 2 6 0 3 5 0 2 5 2 0 0 0 3 0 0 0 208 0 0 0
Type::FriendInfo 1 1 3 0 0 0 0 0 0 104 0 0 0 0 0 0 0 1 3 0 3 4 0 1 4 1 0 0 0 1 0 0 0 104 0 0 0
Variable 145 1.95652173913043 6.43478260869565 0 0.391304347826087 0 0 0 0 105 0 0 0 0 0 0 0 46 296 0 85 9 0 46 0 41 0 0 0 67 0 0 0 4830 0 0 0
Function 56 2.38888888888889 8.51851851851852 0 0.574074074074074 0 0 0 0 105 0 0 0 0 0 0 0 53 460 0 138 15 0 54 14 51 0 0 0 80 0 0 0 5565 0 0 0
Scope 221 6.85 27.7 0 1.65 0 0 0 0 105 0 0 0 0 0 0 0 9 554 0 157 18 0 20 18 18 0 0 0 98 0 0 0 945 0 0 0
Scope::UsingInfo 1 0 0 0 0 0 0 0 0 105 0 0 0 0 0 0 0 0 0 0 0 2 0 0 2 0 0 0 0 0 0 0 0 0 0 0 0
SymbolDatabase 160 17.5714285714286 83.2857142857143 0 1.78571428571429 0 0 0 0 107 0 0 0 0 0 0 0 8 2332 0 1201 9 0 28 4 18 0 0 0 331 0 0 0 856 0 0 0
ValueType 18 3.28571428571429 6.42857142857143 0 1.85714285714286 0 0 0 0 107 0 0 0 0 0 0 0 7 45 0 37 6 0 7 6 7 0 0 0 8 0 0 0 749 0 0 0
templatesimplifier 0 1.8 7.3 0 1.4 0 0 0 0 107 0 0 0 0 0 0 0 3 73 0 26 0 0 10 0 10 0 0 0 26 0 0 0 321 0 0 0
TemplateSimplifier 0 16.5263157894737 68.8947368421053 0 1.94736842105263 0 0 0 0 107 0 0 0 0 0 0 0 4 1309 0 189 0 0 19 0 16 0 0 0 116 0 0 0 428 0 0 0
timer 0 0 0 0 0 0 0 0 0 107 0 0 0 0 0 0 0 0 0 0 0 0 0 0 0 0 0 0 0 0 0 0 0 0 0 0 0
TimerResultsIntf 2 1 1 0 1 0 0 0 0 107 0 0 0 0 0 0 0 2 2 0 1 0 1 2 0 2 0 0 0 2 0 0 0 214 0 0 0
TimerResultsData 2 1 4 0 0 0 0 0 0 107 0 0 0 0 0 0 0 2 8 0 4 2 0 2 2 2 0 0 0 2 0 0 0 214 0 0 0
TimerResults 1 2 10.6666666666667 0 1 0 0 0 0 108 0 0 0 1 0 0 0 2 32 0 25 1 0 3 0 3 0 0 0 7 0 0 0 216 0 0 0
Timer 2 2 8 0 1 0 0 0 0 109 0 0 0 0 0 0 0 2 32 0 17 5 0 4 0 3 0 0 0 12 0 0 0 218 0 0 0
token 0 11.25 45.25 0 2.5 0 0 0 0 109 0 0 0 0 0 0 0 3 181 0 141 0 0 4 0 4 0 0 0 26 0 0 0 327 0 0 0
Token 694 2.80536912751678 9.9261744966443 0 0.879194630872483 0 0 0 0 109 0 0 0 0 0 0 0 72 1479 0 86 22 0 149 4 138 0 0 0 350 0 0 0 7848 0 0 0
Token::@0 0 0 0 0 0 0 0 0 0 109 0 0 0 0 0 0 0 0 0 0 0 3 0 0 3 0 0 0 0 0 0 0 0 0 0 0 0
tokenize 0 8.44444444444444 31.6666666666667 0 3 0 0 0 0 109 0 0 0 0 0 0 0 8 285 0 75 0 0 9 0 9 0 0 0 44 0 0 0 872 0 0 0
'@57::scopeStackEntryType' 0 0 0 0 0 0 0 0 0 109 0 0 0 0 0 0 0 0 0 0 0 2 0 0 2 0 0 0 0 0 0 0 0 0 0 0 0
Space 2 1 1 0 0 0 0 0 0 109 0 0 0 0 0 0 0 1 1 0 1 3 0 1 3 1 0 0 0 1 0 0 0 109 0 0 0
EnumValue 1 2.6 10.6 0 1.4 0 0 0 0 109 0 0 0 0 0 0 0 4 53 0 31 4 0 5 4 5 0 0 0 15 0 0 0 436 0 0 0
'@57::triplet' 0 0 0 0 0 0 0 0 0 109 0 0 0 0 0 0 0 0 0 0 0 3 0 0 3 0 0 0 0 0 0 0 0 0 0 0 0
Tokenizer 290 13.9935064935065 61.2532467532468 0 0.642857142857143 0 0 0 0 112 0 0 0 0 0 0 0 10 9433 0 1078 9 0 154 1 110 0 0 0 1376 0 0 0 1120 0 0 0
tokenlist 0 7.33333333333333 25.125 0 2 0 0 0 0 113 0 0 0 0 0 0 0 1 603 0 110 1 0 24 1 24 0 0 0 166 0 0 0 113 0 0 0
AST_state 8 1 1 0 1 0 0 0 0 113 0 0 0 0 0 0 0 1 1 0 1 5 0 1 5 1 0 0 0 1 0 0 0 113 0 0 0
TokenList 159 3.70833333333333 17.9166666666667 0 0.875 0 0 0 0 113 0 0 0 0 0 0 0 10 430 0 197 6 0 24 0 22 0 0 0 92 0 0 0 1130 0 0 0
make_container 0 1.2 4.2 0 0.8 0 0 0 0 113 0 0 0 0 0 0 0 1 21 0 6 1 0 5 0 5 0 0 0 10 0 0 0 113 0 0 0
valueflow 7 15.4054054054054 60.0810810810811 0 3.21621621621622 0 0 0 0 113 0 0 0 0 0 0 0 3 2223 0 487 0 0 37 0 37 0 0 0 373 0 0 0 339 0 0 0
'@17::ProgramMemory' 0 0 0 0 0 0 0 0 0 113 0 0 0 0 0 0 0 0 0 0 0 2 0 0 2 0 0 0 0 0 0 0 0 0 0 0 0
ValueFlow::Value 30 1.14285714285714 2.57142857142857 0 0.428571428571429 0 0 0 0 113 0 0 0 0 0 0 0 7 18 0 4 9 0 7 9 7 0 0 0 9 0 0 0 791 0 0 0
version 0 0 0 0 0 0 0 0 0 113 0 0 0 0 0 0 0 0 0 0 0 0 0 0 0 0 0 0 0 0 0 0 0 0 0 0 0
bad 0 3 13 0 0 0 0 0 0 113 0 0 0 0 0 0 0 1 13 0 13 0 0 1 0 1 0 0 0 1 0 0 0 113 0 0 0
good 0 3 15 0 0 0 0 0 0 113 0 0 0 0 0 0 0 1 15 0 15 0 0 1 0 1 0 0 0 1 0 0 0 113 0 0 0
resourceLeak/bad 0 2 8 0 0 0 0 0 0 113 0 0 0 0 0 0 0 1 8 0 8 0 0 1 0 1 0 0 0 1 0 0 0 113 0 0 0
outOfBounds/bad 0 1 5 0 0 0 0 0 0 113 0 0 0 0 0 0 0 1 5 0 5 0 0 1 0 1 0 0 0 1 0 0 0 113 0 0 0
memleak/bad 0 1 8 0 0 0 0 0 0 113 0 0 0 0 0 0 0 1 8 0 8 0 0 1 0 1 0 0 0 1 0 0 0 113 0 0 0
syntaxError/bad 0 1 4 0 0 0 0 0 0 113 0 0 0 0 0 0 0 1 4 0 4 0 0 1 0 1 0 0 0 1 0 0 0 113 0 0 0
arrayIndexOutOfBounds/bad 0 1 8 0 0 0 0 0 0 113 0 0 0 0 0 0 0 1 8 0 8 0 0 1 0 1 0 0 0 1 0 0 0 113 0 0 0
bufferAccessOutOfBounds/bad 0 2 8 0 0 0 0 0 0 113 0 0 0 0 0 0 0 1 8 0 8 0 0 1 0 1 0 0 0 1 0 0 0 113 0 0 0
AssignmentAddressToInteger/bad 4 1 5 0 0.5 0 0 0 0 113 0 0 0 0 0 0 0 1 10 0 5 0 0 2 0 2 0 0 0 3 0 0 0 113 0 0 0
autoVariables/bad 0 1 5 0 0.5 0 0 0 0 114 0 0 0 0 0 0 0 2 10 0 5 0 0 2 0 2 0 0 0 3 0 0 0 228 0 0 0
resourceLeak/good 0 2 8 0 0 0 0 0 0 114 0 0 0 0 0 0 0 1 8 0 8 0 0 1 0 1 0 0 0 1 0 0 0 114 0 0 0
outOfBounds/good 0 1 5 0 0 0 0 0 0 114 0 0 0 0 0 0 0 1 5 0 5 0 0 1 0 1 0 0 0 1 0 0 0 114 0 0 0
memleak/good 0 1 9 0 0 0 0 0 0 114 0 0 0 0 0 0 0 1 9 0 9 0 0 1 0 1 0 0 0 1 0 0 0 114 0 0 0
syntaxError/good 0 1 5 0 0 0 0 0 0 114 0 0 0 0 0 0 0 1 5 0 5 0 0 1 0 1 0 0 0 1 0 0 0 114 0 0 0
arrayIndexOutOfBounds/good 0 1 8 0 0 0 0 0 0 114 0 0 0 0 0 0 0 1 8 0 8 0 0 1 0 1 0 0 0 1 0 0 0 114 0 0 0
bufferAccessOutOfBounds/good 0 2 8 0 0 0 0 0 0 114 0 0 0 0 0 0 0 1 8 0 8 0 0 1 0 1 0 0 0 1 0 0 0 114 0 0 0
AssignmentAddressToInteger/good 1 1 4.5 0 0.5 0 0 0 0 114 0 0 0 0 0 0 0 1 9 0 5 0 0 2 0 2 0 0 0 3 0 0 0 114 0 0 0
autoVariables/good 0 1 5.5 0 0.5 0 0 0 0 115 0 0 0 0 0 0 0 2 11 0 6 0 0 2 0 2 0 0 0 3 0 0 0 230 0 0 0
gnu 0 2 18 0 0 0 0 0 0 115 0 0 0 0 0 0 0 1 18 0 18 0 0 1 0 1 0 0 0 1 0 0 0 115 0 0 0
posix 1 1 13.6428571428571 0 1.07142857142857 0 0 0 0 115 0 0 0 0 0 0 0 14 191 0 44 0 0 14 0 14 0 0 0 14 0 0 0 1610 0 0 0
std 0 1 10.1049562682216 0 1.0932944606414 0 0 0 0 115 0 0 0 0 0 0 0 343 3466 0 103 0 0 343 0 343 0 0 0 390 0 0 0 39445 0 0 0
CSharedFilesCtrl 0 1.5 3 0 2.5 0 0 0 0 115 0 0 0 0 0 0 0 1 6 0 5 0 0 2 0 0 0 0 0 3 0 0 0 115 0 0 0
options 10 1.14285714285714 3.85714285714286 0 0.571428571428571 0 0 0 0 115 0 0 0 0 0 0 0 6 27 0 12 4 0 7 1 4 0 0 0 12 0 0 0 690 0 0 0
redirect 1 0 0 0 0 0 0 0 0 115 0 0 0 0 0 0 0 0 0 0 0 2 0 0 2 0 0 0 0 0 0 0 0 0 0 0 0
RedirectOutputError 0 1 5 0 0 0 0 0 0 116 0 0 0 0 0 0 0 1 30 0 11 4 0 6 0 6 0 0 0 20 0 0 0 116 0 0 0
test 77 1.5 5.75 0 0.25 0 0 0 0 116 0 0 0 0 0 0 0 2 23 0 9 0 0 4 0 4 0 0 0 6 0 0 0 232 0 0 0
Test64BitPortability 0 1 19.5555555555556 0 0.111111111111111 0 0 0 0 117 0 0 0 2 0 0 0 2 176 0 63 1 0 9 0 1 0 0 0 33 0 0 0 234 0 0 0
TestAssert 0 1 26.4285714285714 0 0.285714285714286 0 0 0 0 118 0 0 0 2 0 0 0 2 185 0 56 1 0 7 0 1 0 0 0 25 0 0 0 236 0 0 0
TestAutoVariables 0 1.02040816326531 20.4897959183673 0 0.0816326530612245 0 0 0 0 119 0 0 0 2 0 0 0 2 1004 0 110 1 0 49 0 1 0 0 0 195 0 0 0 238 0 0 0
TestBool 0 1 35.5384615384615 0 0.115384615384615 0 0 0 0 120 0 0 0 2 0 0 0 2 924 0 212 1 0 26 0 1 0 0 0 105 0 0 0 240 0 0 0
TestBoost 0 1 18 0 0.25 0 0 0 0 121 0 0 0 2 0 0 0 2 72 0 50 1 0 4 0 1 0 0 0 14 0 0 0 242 0 0 0
TestBufferOverrun 0 1 25.9295774647887 0 0.0422535211267606 0 0 0 0 122 0 0 0 2 0 0 0 3 3682 0 171 1 0 142 0 1 0 0 0 583 0 0 0 366 0 0 0
TestCharVar 0 1 17 0 0.166666666666667 0 0 0 0 122 0 0 0 2 0 0 0 2 102 0 38 1 0 6 0 1 0 0 0 22 0 0 0 244 0 0 0
TestClass 0 1.01282051282051 39.2564102564103 0 0.134615384615385 0 0 0 0 123 0 0 0 2 0 0 0 3 6124 0 294 2 0 156 0 1 0 0 0 651 0 0 0 369 0 0 0
TestCmdlineParser 0 1 9.09183673469388 0 0 0 0 0 0 123 0 0 0 2 0 0 0 2 891 0 107 2 0 98 0 1 0 0 0 535 0 0 0 246 0 0 0
TestCondition 0 1 47.6969696969697 0 0.0909090909090909 0 0 0 0 124 0 0 0 2 0 0 0 2 1574 0 242 2 0 33 0 1 0 0 0 139 0 0 0 248 0 0 0
TestConstructors 0 1 24.832 0 0.016 0 0 0 0 124 0 0 0 2 0 0 0 2 3104 0 185 1 0 125 0 1 0 0 0 498 0 0 0 248 0 0 0
TestCppcheck 0 2.4 9 0 0 0 0 0 0 125 0 0 0 2 0 0 0 2 45 0 18 0 0 5 0 1 0 0 0 10 0 0 0 250 0 0 0
TestCppcheck::ErrorLogger2 1 1 2.5 0 1 0 0 0 0 125 0 0 0 1 0 0 0 2 5 0 3 1 0 2 1 2 0 0 0 3 0 0 0 250 0 0 0
TestErrorLogger 0 1 13.28 0 0.08 0 0 0 0 125 0 0 0 2 0 0 0 2 332 0 49 2 0 25 0 1 0 0 0 118 0 0 0 250 0 0 0
TestExceptionSafety 0 1 17.95 0 0.1 0 0 0 0 126 0 0 0 2 0 0 0 2 359 0 71 1 0 20 0 1 0 0 0 78 0 0 0 252 0 0 0
TestFileLister 0 1.75 10.75 0 0 0 0 0 0 126 0 0 0 2 0 0 0 2 43 0 25 0 0 4 0 1 0 0 0 6 0 0 0 252 0 0 0
TestFunctions 0 1.03703703703704 30.8148148148148 0 0.111111111111111 0 0 0 0 127 0 0 0 2 0 0 0 2 832 0 91 1 0 27 0 1 0 0 0 122 0 0 0 254 0 0 0
TestGarbage 0 1.02688172043011 6.62903225806452 0 0.021505376344086 0 0 0 0 128 0 0 0 2 0 0 0 2 1233 0 194 1 0 186 0 1 0 0 0 581 0 0 0 256 0 0 0
TestIncompleteStatement 0 1 10.2857142857143 0 0.0476190476190476 0 0 0 0 128 0 0 0 2 0 0 0 2 216 0 31 1 0 21 0 1 0 0 0 81 0 0 0 256 0 0 0
TestIO 0 1.04166666666667 153.916666666667 0 0.166666666666667 0 0 0 0 129 0 0 0 2 0 0 0 2 3694 0 1599 1 0 24 0 1 0 0 0 101 0 0 0 258 0 0 0
TestLeakAutoVar 3 1.03389830508475 18.5254237288136 0 0.0338983050847458 0 0 0 0 130 0 0 0 2 0 0 0 2 1093 0 402 1 0 59 0 1 0 0 0 238 0 0 0 260 0 0 0
TestLeakAutoVarWindows 0 1 17.25 0 0.25 0 0 0 0 131 0 0 0 2 0 0 0 4 69 0 48 1 0 4 0 1 0 0 0 13 0 0 0 524 0 0 0
TestLibrary 0 1.15 23.75 0 0.1 0 0 0 0 132 0 0 0 2 0 0 0 2 475 0 77 0 0 20 0 1 0 0 0 140 0 0 0 264 0 0 0
TestMathLib 0 1 33.34375 0 0.0625 0 0 0 0 132 0 0 0 2 0 0 0 2 1067 0 168 0 0 32 0 1 0 0 0 63 0 0 0 264 0 0 0
TestMemleak 12 1 14 0 0.2 0 0 0 0 132 0 0 0 2 0 0 0 2 70 0 28 1 0 5 0 1 0 0 0 19 0 0 0 264 0 0 0
TestMemleakInFunction 0 1.06748466257669 21.8711656441718 0 0.0736196319018405 0 0 0 0 133 0 0 0 2 0 0 0 163 3565 0 291 3 0 163 0 1 0 0 0 350 0 0 0 21679 0 0 0
TestMemleakInClass 0 1 34.0909090909091 0 0.0303030303030303 0 0 0 0 134 0 0 0 2 0 0 0 33 1125 0 120 1 0 33 0 1 0 0 0 71 0 0 0 4422 0 0 0
TestMemleakStructMember 0 1 17.0869565217391 0 0.130434782608696 0 0 0 0 135 0 0 0 2 0 0 0 23 393 0 69 1 0 23 0 1 0 0 0 50 0 0 0 3105 0 0 0
TestMemleakNoVar 0 1 38.5 0 0.166666666666667 0 0 0 0 136 0 0 0 2 0 0 0 6 231 0 92 1 0 6 0 1 0 0 0 20 0 0 0 816 0 0 0
TestMemleakGLib 0 1 22.4 0 0.2 0 0 0 0 136 0 0 0 2 0 0 0 5 112 0 57 1 0 5 0 1 0 0 0 20 0 0 0 680 0 0 0
TestMemleakWindows 0 1 8.75 0 0.25 0 0 0 0 136 0 0 0 2 0 0 0 4 35 0 15 1 0 4 0 1 0 0 0 13 0 0 0 544 0 0 0
TestNullPointer 0 1.0188679245283 45.8490566037736 0 0.0566037735849057 0 0 0 0 137 0 0 0 2 0 0 0 2 2430 0 379 1 0 53 0 1 0 0 0 216 0 0 0 274 0 0 0
TestOptions 0 1 5.5 0 0 0 0 0 0 138 0 0 0 2 0 0 0 2 55 0 10 0 0 10 0 1 0 0 0 28 0 0 0 276 0 0 0
TestOther 0 1.03571428571429 53.875 0 0.125 0 0 0 0 138 0 0 0 2 0 0 0 2 6034 0 364 0 0 112 0 1 0 0 0 465 0 0 0 276 0 0 0
TestPath 0 1 15.75 0 0 0 0 0 0 138 0 0 0 2 0 0 0 2 126 0 55 0 0 8 0 1 0 0 0 14 0 0 0 276 0 0 0
TestPathMatch 0 1 4.72413793103448 0 0 0 0 0 0 138 0 0 0 2 0 0 0 2 137 0 29 4 0 29 0 1 0 0 0 104 0 0 0 276 0 0 0
TestPostfixOperator 0 1 24.3846153846154 0 0.0769230769230769 0 0 0 0 139 0 0 0 2 0 0 0 2 317 0 113 1 0 13 0 1 0 0 0 50 0 0 0 278 0 0 0
TestPreprocessor 0 1.01546391752577 17.8298969072165 0 0.0154639175257732 0 0 0 0 140 0 0 0 2 0 0 0 5 3459 0 244 2 0 194 0 1 0 0 0 687 0 0 0 700 0 0 0
TestPreprocessor::OurPreprocessor 45 1 4 0 1.33333333333333 0 0 0 0 140 0 0 0 1 0 0 0 3 12 0 6 0 0 3 0 3 0 0 0 4 0 0 0 420 0 0 0
testrunner 0 2 27 0 2 0 0 0 0 140 0 0 0 0 0 0 0 1 27 0 27 0 0 1 0 1 0 0 0 3 0 0 0 140 0 0 0
TestSamples 0 2.33333333333333 16.3333333333333 0 0 0 0 0 0 140 0 0 0 2 0 0 0 2 49 0 44 0 0 3 0 1 0 0 0 6 0 0 0 280 0 0 0
TestSimplifyTemplate 0 1.02857142857143 17.4 0 0.128571428571429 0 0 0 0 140 0 0 0 2 0 0 0 2 1218 0 89 1 0 70 0 1 0 0 0 228 0 0 0 280 0 0 0
TestSimplifyTokens 0 1.03086419753086 24 0 0.104938271604938 0 0 0 0 140 0 0 0 2 0 0 0 2 3888 0 294 4 0 162 0 1 0 0 0 567 0 0 0 280 0 0 0
TestSimplifyTypedef 0 1.00757575757576 21.8181818181818 0 0.0454545454545455 0 0 0 0 140 0 0 0 2 0 0 0 2 2880 0 205 3 0 132 0 1 0 0 0 488 0 0 0 280 0 0 0
TestSizeof 0 1 53.6923076923077 0 0.0769230769230769 0 0 0 0 141 0 0 0 2 0 0 0 2 698 0 219 1 0 13 0 1 0 0 0 49 0 0 0 282 0 0 0
TestStl 0 1.01176470588235 32.6235294117647 0 0.0705882352941176 0 0 0 0 142 0 0 0 2 0 0 0 2 2773 0 205 1 0 85 0 1 0 0 0 338 0 0 0 284 0 0 0
TestString 0 1 31.9375 0 0.125 0 0 0 0 143 0 0 0 2 0 0 0 2 511 0 139 1 0 16 0 1 0 0 0 62 0 0 0 286 0 0 0
testsuite 1657 9 23 0 2 0 0 0 0 143 0 0 0 0 0 0 0 1 23 0 23 3 0 1 3 1 0 0 0 1 0 0 0 143 0 0 0
TestRegistry 2 1 3.33333333333333 0 0.333333333333333 0 0 0 0 143 0 0 0 0 0 0 0 2 10 0 4 1 0 3 1 3 0 0 0 11 0 0 0 286 0 0 0
TestFixture 62 2.05 10.25 0 2.65 0 0 0 0 144 0 0 0 1 0 0 0 4 205 0 45 11 59 20 0 6 0 0 0 72 0 0 0 576 0 0 0
TestSuppressions 0 1.4 17.95 0 0.45 0 0 0 0 144 0 0 0 2 0 0 0 2 359 0 132 0 0 20 0 1 0 0 0 90 0 0 0 288 0 0 0
testsymboldatabase 0 0 0 0 0 0 0 0 0 144 0 0 0 0 0 0 0 0 0 0 0 0 0 0 0 0 0 0 0 0 0 0 0 0 0 0 0
TestSymbolDatabase 0 1.6375 18.525 0 0.075 0 0 0 0 145 0 0 0 2 0 0 0 3 2964 0 179 6 0 160 0 1 0 0 0 833 0 0 0 435 0 0 0
TestThreadExecutor 0 1.4 9.1 0 0.4 0 0 0 0 145 0 0 0 2 0 0 0 2 91 0 22 1 0 10 0 1 0 0 0 32 0 0 0 290 0 0 0
TestTimer 0 1 4.33333333333333 0 0 0 0 0 0 145 0 0 0 2 0 0 0 2 13 0 8 0 0 3 0 1 0 0 0 6 0 0 0 290 0 0 0
TestToken 0 1.44 16.84 0 0.1 0 0 0 0 145 0 0 0 2 0 0 0 2 842 0 54 6 0 50 0 1 0 0 0 250 0 0 0 290 0 0 0
TestTokenizer 2 1.05390835579515 21.4097035040431 0 0.0539083557951483 0 0 0 0 145 0 0 0 2 0 0 0 2 7943 0 426 4 0 371 0 1 0 0 0 1198 0 0 0 290 0 0 0
TestTokenList 0 2 13.1666666666667 0 0 0 0 0 0 145 0 0 0 2 0 0 0 2 79 0 33 1 0 6 0 1 0 0 0 28 0 0 0 290 0 0 0
TestType 0 1.125 19.5 0 0.25 0 0 0 0 146 0 0 0 2 0 0 0 2 156 0 34 0 0 8 0 1 0 0 0 33 0 0 0 292 0 0 0
TestUninitVar 0 1 86.9069767441861 0 0.0930232558139535 0 0 0 0 147 0 0 0 2 0 0 0 2 3737 0 565 1 0 43 0 1 0 0 0 175 0 0 0 294 0 0 0
TestUnusedFunctions 0 1.04 13.16 0 0.08 0 0 0 0 148 0 0 0 2 0 0 0 2 329 0 51 1 0 25 0 1 0 0 0 102 0 0 0 296 0 0 0
TestUnusedPrivateFunction 0 1 20.3636363636364 0 0.0606060606060606 0 0 0 0 148 0 0 0 2 0 0 0 2 672 0 66 1 0 33 0 1 0 0 0 131 0 0 0 296 0 0 0
TestUnusedVar 0 1.01574803149606 29.6220472440945 0 0.0236220472440945 0 0 0 0 149 0 0 0 2 0 0 0 2 3762 0 463 1 0 127 0 1 0 0 0 504 0 0 0 298 0 0 0
givenACodeSampleToTokenize 49 1.5 5.5 0 1.5 0 0 0 0 149 0 0 0 0 0 0 0 1 11 0 8 2 0 2 0 2 0 0 0 8 0 0 0 149 0 0 0
SimpleSuppressor 0 1.33333333333333 3.33333333333333 0 1.33333333333333 0 0 0 0 149 0 0 0 1 0 0 0 3 10 0 4 2 0 3 0 3 0 0 0 8 0 0 0 447 0 0 0
TestVaarg 0 1 22.5555555555556 0 0.111111111111111 0 0 0 0 150 0 0 0 2 0 0 0 2 203 0 50 1 0 9 0 1 0 0 0 33 0 0 0 300 0 0 0
TestValueFlow 0 1.45714285714286 51.5142857142857 0 0.457142857142857 0 0 0 0 150 0 0 0 2 0 0 0 2 1803 0 445 1 0 35 0 1 0 0 0 132 0 0 0 300 0 0 0
TestVarID 0 1.00729927007299 19.4817518248175 0 0.0218978102189781 0 0 0 0 150 0 0 0 2 0 0 0 2 2669 0 138 1 0 137 0 1 0 0 0 419 0 0 0 300 0 0 0
dmake 0 4.55555555555556 45.4444444444444 0 2 0 0 0 0 150 0 0 0 0 0 0 0 1 409 0 295 0 0 9 0 9 0 0 0 21 0 0 0 150 0 0 0
reduce 0 14.4166666666667 61.0833333333333 0 2.08333333333333 0 0 0 0 150 0 0 0 0 0 0 0 1 733 0 202 0 0 12 0 12 0 0 0 49 0 0 0 150 0 0 0
ReduceSettings 5 1 1 0 0 0 0 0 0 150 0 0 0 1 0 0 0 1 1 0 1 4 0 1 4 1 0 0 0 1 0 0 0 150 0 0 0
times 12 5.5 21.5 0 1.5 0 0 0 0 150 0 0 0 0 0 0 0 1 43 0 37 0 0 2 0 2 0 0 0 4 0 0 0 150 0 0 0
linux-3.11 0 1 1 0 2 0 0 0 0 150 0 0 0 0 0 0 0 1 1 0 1 0 0 1 0 1 0 0 0 1 0 0 0 150 0 0 0
