acc accm amloc an anpm asom auv bd bf cbo da dbz df dit dnp dupv fgbo lcom4 loc mlk mmloc noa noc nom npa npm obaa osf pitfc rfc rogu rsva saigv sc ua uaf uav
linux 0 1 1 0 1.88888888888889 0 0 0 0 0 0 0 0 0 0 0 0 9 9 0 1 168 0 9 168 9 0 0 0 9 0 0 0 0 0 0 0
posix 16 1 1 0 1.61946902654867 0 0 0 0 0 0 0 0 0 0 0 0 113 113 0 1 93 0 113 93 113 0 0 0 113 0 0 0 0 0 0 0
standard 467 1 1 0 1.72542372881356 0 0 0 0 0 0 0 0 0 0 0 0 295 295 0 1 108 0 295 108 295 0 0 0 295 0 0 0 0 0 0 0
stdio 3 1 1 0 1.4 0 0 0 0 0 0 0 0 0 0 0 0 25 25 0 1 5 0 25 5 25 0 0 0 25 0 0 0 0 0 0 0
stdlib 26 1 1 0 1.67272727272727 0 0 0 0 0 0 0 0 0 0 0 0 55 55 0 1 6 0 55 6 55 0 0 0 55 0 0 0 0 0 0 0
unix 131 1 6.5077519379845 0 2.05038759689922 0 0 0 0 0 0 0 0 0 0 0 0 258 1679 0 1422 195 0 258 195 258 0 0 0 258 0 0 0 0 0 0 0
abstract 152 2.39543726235741 22.2851711026616 0 1.5361216730038 0 0 0 0 106 0 0 0 0 0 0 0 82 5861 0 318 8 0 263 8 263 0 0 0 2288 0 0 0 8692 0 0 0
aliasTable 20 3.59259259259259 26.6666666666667 0 1.88888888888889 0 0 0 0 19 0 0 0 0 0 0 0 4 720 0 88 4 0 27 4 27 0 0 0 254 0 0 0 76 0 0 0
annotationInfo 18 1.53333333333333 10.9333333333333 0 1.53333333333333 0 0 0 0 14 0 0 0 0 0 0 0 4 164 0 30 5 0 15 5 15 0 0 0 76 0 0 0 56 0 0 0
annotationTable 4 1 2.88888888888889 0 1.33333333333333 0 0 0 0 8 0 0 0 0 0 0 0 9 26 0 10 2 0 9 2 9 0 0 0 22 0 0 0 72 0 0 0
cgrammar 4 84.75 483.875 0 1.875 0 0 0 0 83 0 0 0 0 0 0 0 2 3871 0 3749 60 0 8 60 8 0 0 0 649 0 0 0 166 0 0 0
checking 2 13.1 75.4 0 1.4 0 0 0 0 31 0 0 0 0 0 0 0 2 754 0 275 0 0 10 0 10 0 0 0 173 0 0 0 62 0 0 0
clabstract 9 2.94047619047619 26.4642857142857 0 1.20238095238095 0 0 0 0 40 0 0 0 0 0 0 0 27 2223 0 170 20 0 84 20 84 0 0 0 969 0 0 0 1080 0 0 0
clause 16 5.3 11.3 0 1.1 0 0 0 0 1 0 0 0 0 0 0 0 8 113 0 22 0 0 10 0 10 0 0 0 15 0 0 0 8 0 0 0
clauseStack 23 1.84615384615385 10.5384615384615 0 1.23076923076923 0 0 0 0 7 0 0 0 0 0 0 0 10 137 0 32 9 0 13 9 13 0 0 0 35 0 0 0 70 0 0 0
constraint 63 3.47058823529412 28.9411764705882 0 1.79411764705882 0 0 0 0 29 0 0 0 0 0 0 0 10 1968 0 412 8 0 68 8 68 0 0 0 549 0 0 0 290 0 0 0
constraintExpr 65 3.4390243902439 29.109756097561 0 1.51219512195122 0 0 0 0 27 0 0 0 0 0 0 0 4 2387 0 137 4 0 82 4 82 0 0 0 784 0 0 0 108 0 0 0
constraintExprData 59 1.17391304347826 7.82608695652174 0 1.26086956521739 0 0 0 0 6 0 0 0 0 0 0 0 1 180 0 13 8 0 23 8 23 0 0 0 120 0 0 0 6 0 0 0
constraintGeneration 9 5.42307692307692 84.8076923076923 0 1.96153846153846 0 0 0 0 24 0 0 0 0 0 0 0 2 2205 0 412 0 0 26 0 26 0 0 0 464 0 0 0 48 0 0 0
constraintList 66 2.29032258064516 18.258064516129 0 1.45161290322581 0 0 0 0 26 0 0 0 0 0 0 0 10 566 0 50 3 0 31 3 31 0 0 0 212 0 0 0 260 0 0 0
constraintResolve 21 4.39024390243902 35.1219512195122 0 2.02439024390244 0 0 0 0 21 0 0 0 0 0 0 0 2 1440 0 125 0 0 41 0 41 0 0 0 380 0 0 0 42 0 0 0
constraintTerm 29 3.0625 22.125 0 1.1875 0 0 0 0 27 0 0 0 0 0 0 0 15 708 0 119 7 0 32 7 32 0 0 0 201 0 0 0 405 0 0 0
context 548 2.24817518248175 15.7116788321168 0 1.14598540145985 0 0 0 0 61 0 0 0 0 0 0 0 12 4305 0 419 98 0 274 98 274 0 0 0 1422 0 0 0 732 0 0 0
cpperror 34 1.9375 12.5 0 2.25 0 0 0 0 14 0 0 0 0 0 0 0 5 200 0 58 0 0 16 0 16 0 0 0 96 0 0 0 70 0 0 0
cppexp 3 24.7142857142857 145 0 2.14285714285714 0 0 0 0 16 0 0 0 0 0 0 0 1 1015 0 462 8 0 7 8 7 0 0 0 93 0 0 0 16 0 0 0
cpphash 21 4.27272727272727 31.8181818181818 0 2.54545454545455 0 0 0 0 12 0 0 0 0 0 0 0 2 350 0 107 12 0 11 12 11 0 0 0 110 0 0 0 24 0 0 0
cpplib 36 11.1637931034483 66.301724137931 0 2.33620689655172 0 0 0 0 46 0 0 0 0 0 0 0 5 7691 0 726 162 0 116 162 116 0 0 0 1569 0 0 0 230 0 0 0
cppmain 16 1 19.75 0 1.125 0 0 0 0 12 0 0 0 0 0 0 0 2 158 0 75 1 0 8 1 8 0 0 0 72 0 0 0 24 0 0 0
cprim 14 8.75 30.125 0 1.3125 0 0 0 0 6 0 0 0 0 0 0 0 4 482 0 348 1 0 16 1 16 0 0 0 47 0 0 0 24 0 0 0
cscanner 8 7.69767441860465 42.8604651162791 0 1.16279069767442 0 0 0 0 26 0 0 0 0 0 0 0 22 1843 0 1095 35 0 43 35 43 0 0 0 281 0 0 0 572 0 0 0
cscannerHelp 13 6.74 51.94 0 1.08 0 0 0 0 41 0 0 0 0 0 0 0 10 2597 0 593 13 0 50 13 50 0 0 0 566 0 0 0 410 0 0 0
cstring 963 2.47222222222222 14.5416666666667 0 1.73611111111111 0 0 0 0 14 0 0 0 0 0 0 0 13 1047 0 142 0 0 72 0 72 0 0 0 282 0 0 0 182 0 0 0
cstringList 18 2.28571428571429 14.5238095238095 0 1.42857142857143 0 0 0 0 10 0 0 0 0 0 0 0 5 305 0 56 4 0 21 4 21 0 0 0 87 0 0 0 50 0 0 0
cstringSList 14 2.33333333333333 13.8 0 1.4 0 0 0 0 10 0 0 0 0 0 0 0 4 207 0 56 3 0 15 3 15 0 0 0 58 0 0 0 40 0 0 0
cstringTable 15 2.27586206896552 15.1379310344828 0 1.51724137931034 0 0 0 0 13 0 0 0 0 0 0 0 3 439 0 50 11 0 29 11 29 0 0 0 176 0 0 0 39 0 0 0
ctype 334 1.28758169934641 15.4640522875817 0 1.24183006535948 0 0 0 0 26 0 0 0 0 0 0 0 26 2366 0 258 11 0 153 11 153 0 0 0 910 0 0 0 676 0 0 0
ctypeList 0 1.9 10.8 0 1.3 0 0 0 0 9 0 0 0 0 0 0 0 1 108 0 26 6 0 10 6 10 0 0 0 41 0 0 0 9 0 0 0
declaratorInvNodeList 6 1.83333333333333 12 0 1.16666666666667 0 0 0 0 7 0 0 0 0 0 0 0 4 72 0 23 7 0 6 7 6 0 0 0 22 0 0 0 28 0 0 0
declaratorNodeList 12 1.83333333333333 14.1666666666667 0 1.16666666666667 0 0 0 0 8 0 0 0 0 0 0 0 2 85 0 21 7 0 6 7 6 0 0 0 27 0 0 0 16 0 0 0
ekind 32 4.36363636363636 7 0 1.09090909090909 0 0 0 0 4 0 0 0 0 0 0 0 11 77 0 20 1 0 11 1 11 0 0 0 18 0 0 0 44 0 0 0
enumNameList 13 2.23529411764706 14.5882352941176 0 1.29411764705882 0 0 0 0 10 0 0 0 0 0 0 0 7 248 0 35 7 0 17 7 17 0 0 0 78 0 0 0 70 0 0 0
enumNameSList 1 1 1.66666666666667 0 1.5 0 0 0 0 1 0 0 0 0 0 0 0 6 10 0 5 1 0 6 1 6 0 0 0 7 0 0 0 6 0 0 0
exprChecks 20 8.57692307692308 58.3846153846154 0 2.07692307692308 0 0 0 0 28 0 0 0 0 0 0 0 16 1518 0 237 1 0 26 1 26 0 0 0 440 0 0 0 448 0 0 0
exprData 96 2.89090909090909 11.0181818181818 0 1.4 0 0 0 0 15 0 0 0 0 0 0 0 53 606 0 135 0 0 55 0 55 0 0 0 147 0 0 0 795 0 0 0
exprNode 207 7.13020833333333 57.3177083333333 0 1.92708333333333 0 0 0 0 68 0 0 0 0 0 0 0 4 11005 0 707 92 0 192 92 192 0 0 0 2879 0 0 0 272 0 0 0
exprNodeList 32 1.5625 9.4375 0 1.25 0 0 0 0 7 0 0 0 0 0 0 0 11 151 0 32 9 0 16 9 16 0 0 0 48 0 0 0 77 0 0 0
exprNodeSList 3 1.71428571428571 12.5714285714286 0 1.28571428571429 0 0 0 0 7 0 0 0 0 0 0 0 3 88 0 23 7 0 7 7 7 0 0 0 26 0 0 0 21 0 0 0
fcnNodeList 5 1.8 8.6 0 1.1 0 0 0 0 7 0 0 0 0 0 0 0 5 86 0 22 7 0 10 7 10 0 0 0 30 0 0 0 35 0 0 0
fileLib 18 1.91666666666667 15.1666666666667 0 1.25 0 0 0 0 9 0 0 0 0 0 0 0 9 182 0 33 0 0 12 0 12 0 0 0 55 0 0 0 81 0 0 0
fileloc 343 2.01369863013699 10.8904109589041 0 1.41095890410959 0 0 0 0 18 0 0 0 0 0 0 0 15 795 0 130 6 0 73 6 73 0 0 0 274 0 0 0 270 0 0 0
filelocList 26 2.4375 15.4375 0 1.25 0 0 0 0 14 0 0 0 0 0 0 0 2 247 0 69 7 0 16 7 16 0 0 0 86 0 0 0 28 0 0 0
filelocStack 5 2.53846153846154 13.6153846153846 0 1.15384615384615 0 0 0 0 8 0 0 0 0 0 0 0 3 177 0 29 7 0 13 7 13 0 0 0 56 0 0 0 24 0 0 0
fileTable 103 2.4406779661017 17.3050847457627 0 1.83050847457627 0 0 0 0 19 0 0 0 0 0 0 0 5 1021 0 70 25 0 59 25 59 0 0 0 352 0 0 0 95 0 0 0
flagMarker 13 1.63157894736842 7.52631578947368 0 1.36842105263158 0 0 0 0 10 0 0 0 0 0 0 0 18 143 0 28 8 0 19 8 19 0 0 0 60 0 0 0 180 0 0 0
flagMarkerList 10 6.36363636363636 46.0909090909091 0 1.72727272727273 0 0 0 0 13 0 0 0 0 0 0 0 4 507 0 147 7 0 11 7 11 0 0 0 105 0 0 0 52 0 0 0
src/flags 55 2.76 33.78 0 1.28 0 0 0 0 30 0 0 0 0 0 0 0 12 1689 0 321 18 0 50 18 50 0 0 0 374 0 0 0 360 0 0 0
test/flags 0 0 0 0 0 0 0 0 0 0 0 0 0 0 0 0 0 0 0 0 0 4 0 0 4 0 0 0 0 0 0 0 0 0 0 0 0
flagSpec 10 1.85714285714286 11.3571428571429 0 1.28571428571429 0 0 0 0 9 0 0 0 0 0 0 0 1 159 0 19 5 0 14 5 14 0 0 0 71 0 0 0 9 0 0 0
functionClause 6 1.62068965517241 7.58620689655172 0 1.03448275862069 0 0 0 0 13 0 0 0 0 0 0 0 10 220 0 34 12 0 29 12 29 0 0 0 98 0 0 0 130 0 0 0
functionClauseList 4 2.21428571428571 13.8571428571429 0 1.21428571428571 0 0 0 0 12 0 0 0 0 0 0 0 4 194 0 65 3 0 14 3 14 0 0 0 68 0 0 0 48 0 0 0
functionConstraint 16 2.53333333333333 14.2666666666667 0 1.13333333333333 0 0 0 0 10 0 0 0 0 0 0 0 3 214 0 32 12 0 15 12 15 0 0 0 63 0 0 0 30 0 0 0
general 908 1.20588235294118 11.3529411764706 0 1.55882352941176 0 0 0 0 13 0 0 0 0 0 0 0 21 386 0 59 0 0 34 0 34 0 0 0 119 0 0 0 273 0 0 0
genericTable 4 2.38461538461538 14.2692307692308 0 1.5 0 0 0 0 13 0 0 0 0 0 0 0 2 371 0 69 11 0 26 11 26 0 0 0 154 0 0 0 26 0 0 0
src/globals 262 1 31 0 1 0 0 0 0 4 0 0 0 0 0 0 0 1 31 0 31 14 0 1 14 1 0 0 0 12 0 0 0 4 0 0 0
test/globals 9 1 7 0 1 0 0 0 0 0 0 0 0 0 0 0 0 1 14 0 7 6 0 2 6 2 0 0 0 10 0 0 0 0 0 0 0
test/tclauses/globals 1 1 4 0 1 0 0 0 0 0 0 0 0 0 0 0 0 1 4 0 4 1 0 1 1 1 0 0 0 2 0 0 0 0 0 0 0
test/manual/globals 1 1 4 0 1 0 0 0 0 0 0 0 0 0 0 0 0 1 4 0 4 2 0 1 2 1 0 0 0 2 0 0 0 0 0 0 0
globalsClause 5 1.16666666666667 5.5 0 1.16666666666667 0 0 0 0 7 0 0 0 0 0 0 0 6 33 0 10 2 0 6 2 6 0 0 0 18 0 0 0 42 0 0 0
globSet 33 1.3 6.25 0 1.3 0 0 0 0 8 0 0 0 0 0 0 0 18 125 0 22 0 0 20 0 20 0 0 0 57 0 0 0 144 0 0 0
guardSet 38 2.23809523809524 14.1904761904762 0 1.57142857142857 0 0 0 0 10 0 0 0 0 0 0 0 6 298 0 32 2 0 21 2 21 0 0 0 106 0 0 0 60 0 0 0
abstBodyNode 3 2 8 0 1 0 0 0 0 0 0 0 0 0 0 0 0 1 8 0 8 3 0 1 3 1 0 0 0 2 0 0 0 0 0 0 0
abstractNode 3 3 16 0 1 0 0 0 0 5 0 0 0 0 0 0 0 1 16 0 16 6 0 1 6 1 0 0 0 9 0 0 0 5 0 0 0
aliasStack 0 1 1 0 1.375 0 0 0 0 0 0 0 0 0 0 0 0 16 16 0 1 5 0 16 5 16 0 0 0 16 0 0 0 0 0 0 0
src/Headers/bool 5 1 1 0 1.25 0 0 0 0 0 0 0 0 0 0 0 0 8 8 0 1 0 0 8 0 8 0 0 0 8 0 0 0 0 0 0 0
lib/bool 0 1 1 0 1.33333333333333 0 0 0 0 0 0 0 0 0 0 0 0 3 3 0 1 0 0 3 0 3 0 0 0 3 0 0 0 0 0 0 0
test/bool 0 1 1 0 1.33333333333333 0 0 0 0 0 0 0 0 0 0 0 0 3 3 0 1 0 0 3 0 3 0 0 0 3 0 0 0 0 0 0 0
test/manual/bool 0 0 0 0 0 0 0 0 0 0 0 0 0 0 0 0 0 0 0 0 0 0 0 0 0 0 0 0 0 0 0 0 0 0 0 0 0
test/db2/bool 0 1 1 0 1.25 0 0 0 0 0 0 0 0 0 0 0 0 4 4 0 1 0 0 4 0 4 0 0 0 4 0 0 0 0 0 0 0
test/db3/bool 0 1 1 0 1.25 0 0 0 0 0 0 0 0 0 0 0 0 4 4 0 1 0 0 4 0 4 0 0 0 4 0 0 0 0 0 0 0
test/db1/bool 0 1 1 0 1.33333333333333 0 0 0 0 0 0 0 0 0 0 0 0 3 3 0 1 0 0 3 0 3 0 0 0 3 0 0 0 0 0 0 0
boolStack 0 1 1 0 1.14285714285714 0 0 0 0 0 0 0 0 0 0 0 0 7 7 0 1 4 0 7 4 7 0 0 0 7 0 0 0 0 0 0 0
cgrammar_tokens 2 0 0 0 0 0 0 0 0 0 0 0 0 0 0 0 0 0 0 0 0 40 0 0 40 0 0 0 0 0 0 0 0 0 0 0 0
claimNode 0 3 18 0 1 0 0 0 0 6 0 0 0 0 0 0 0 1 18 0 18 7 0 1 7 1 0 0 0 7 0 0 0 6 0 0 0
code 0 0 0 0 0 0 0 0 0 0 0 0 0 0 0 0 0 0 0 0 0 0 0 0 0 0 0 0 0 0 0 0 0 0 0 0 0
constants 0 0 0 0 0 0 0 0 0 0 0 0 0 0 0 0 0 0 0 0 0 0 0 0 0 0 0 0 0 0 0 0 0 0 0 0 0
constDeclarationNode 1 2 10 0 1 0 0 0 0 3 0 0 0 0 0 0 0 1 10 0 10 2 0 1 2 1 0 0 0 4 0 0 0 3 0 0 0
constraintList2 0 1.13333333333333 3.53333333333333 0 1.26666666666667 0 0 0 0 5 0 0 0 0 0 0 0 15 53 0 19 6 0 15 6 15 0 0 0 26 0 0 0 75 0 0 0
cpp 0 2.5 20.6 0 1.1 0 0 0 0 15 0 0 0 0 0 0 0 10 206 0 75 1 0 10 1 10 0 0 0 93 0 0 0 150 0 0 0
declaratorInvNode 2 1.5 7 0 1 0 0 0 0 3 0 0 0 0 0 0 0 2 14 0 9 2 0 2 2 2 0 0 0 9 0 0 0 6 0 0 0
declaratorNode 10 1.5 6.5 0 1 0 0 0 0 3 0 0 0 0 0 0 0 2 13 0 9 3 0 2 3 2 0 0 0 6 0 0 0 6 0 0 0
dmalloc 1 1 1 0 2.16666666666667 0 0 0 0 0 0 0 0 0 0 0 0 24 24 0 1 6 0 24 6 24 0 0 0 24 0 0 0 0 0 0 0
enumSpecNode 8 3 16 0 1 0 0 0 0 5 0 0 0 0 0 0 0 1 16 0 16 4 0 1 4 1 0 0 0 9 0 0 0 5 0 0 0
exportNode 7 8 28 0 1 0 0 0 0 3 0 0 0 0 0 0 0 1 28 0 28 14 0 1 14 1 0 0 0 17 0 0 0 3 0 0 0
exposedNode 4 2 10 0 1 0 0 0 0 3 0 0 0 0 0 0 0 1 10 0 10 3 0 1 3 1 0 0 0 6 0 0 0 3 0 0 0
fcnNode 0 2 17.5 0 1 0 0 0 0 7 0 0 0 0 0 0 0 2 35 0 18 12 0 2 12 2 0 0 0 14 0 0 0 14 0 0 0
fileId 48 1 1 0 1.5 0 0 0 0 0 0 0 0 0 0 0 0 4 4 0 1 1 0 4 1 4 0 0 0 4 0 0 0 0 0 0 0
fileIdList 6 1 1 0 1.33333333333333 0 0 0 0 0 0 0 0 0 0 0 0 6 6 0 1 0 0 6 0 6 0 0 0 6 0 0 0 0 0 0 0
flag_codes 0 0 0 0 0 0 0 0 0 0 0 0 0 0 0 0 0 0 0 0 0 0 0 0 0 0 0 0 0 0 0 0 0 0 0 0 0
flags 7 3.84444444444444 24.7111111111111 0 1.24444444444444 0 0 0 0 27 0 0 0 0 0 0 0 40 1112 0 321 0 0 45 0 45 0 0 0 256 0 0 0 1080 0 0 0
forwardTypes 1117 0 0 0 0 0 0 0 0 0 0 0 0 0 0 0 0 0 0 0 0 63 0 0 63 0 0 0 0 0 0 0 0 0 0 0 0
globalList 3 1 1 0 1 0 0 0 0 0 0 0 0 0 0 0 0 2 2 0 1 0 0 2 0 2 0 0 0 2 0 0 0 0 0 0 0
globals 8 1.5 6 0 1.16666666666667 0 0 0 0 5 0 0 0 0 0 0 0 6 36 0 31 16 0 6 16 6 0 0 0 17 0 0 0 30 0 0 0
handle 0 0 0 0 0 0 0 0 0 0 0 0 0 0 0 0 0 0 0 0 0 0 0 0 0 0 0 0 0 0 0 0 0 0 0 0 0
help 2 1.75 42.6666666666667 0 1.08333333333333 0 0 0 0 11 0 0 0 0 0 0 0 1 512 0 121 0 0 12 0 12 0 0 0 75 0 0 0 11 0 0 0
idDecl 26 1 10.15 0 1.45 0 0 0 0 13 0 0 0 0 0 0 0 3 203 0 25 3 0 20 3 20 0 0 0 105 0 0 0 39 0 0 0
idDeclList 3 1.2 13.4 0 1.2 0 0 0 0 7 0 0 0 0 0 0 0 4 67 0 18 7 0 5 7 5 0 0 0 21 0 0 0 28 0 0 0
importNode 0 1.25 9.5 0 1 0 0 0 0 6 0 0 0 0 0 0 0 4 38 0 14 2 0 4 2 4 0 0 0 20 0 0 0 24 0 0 0
importNodeList 7 1.2 14.2 0 1.2 0 0 0 0 8 0 0 0 0 0 0 0 3 71 0 20 7 0 5 7 5 0 0 0 20 0 0 0 24 0 0 0
imports 3 1 109 0 2.33333333333333 0 0 0 0 23 0 0 0 0 0 0 0 3 327 0 227 0 0 3 0 3 0 0 0 76 0 0 0 69 0 0 0
initDeclNode 2 1.5 6.5 0 1 0 0 0 0 3 0 0 0 0 0 0 0 2 13 0 9 2 0 2 2 2 0 0 0 7 0 0 0 6 0 0 0
initDeclNodeList 11 1.2 15 0 1.2 0 0 0 0 6 0 0 0 0 0 0 0 3 75 0 25 7 0 5 7 5 0 0 0 20 0 0 0 18 0 0 0
inputStream 31 1 17.4375 0 1.3125 0 0 0 0 12 0 0 0 0 0 0 0 4 279 0 71 10 0 16 10 16 0 0 0 79 0 0 0 48 0 0 0
interfaceNode 1 6 20 0 1 0 0 0 0 6 0 0 0 0 0 0 0 2 40 0 25 10 0 2 10 2 0 0 0 11 0 0 0 12 0 0 0
interfaceNodeList 4 1.2 14.2 0 1.4 0 0 0 0 5 0 0 0 0 0 0 0 2 71 0 21 11 0 5 11 5 0 0 0 19 0 0 0 10 0 0 0
src/Headers/intSet 3 1.875 13.125 0 1.25 0 0 0 0 4 0 0 0 0 0 0 0 8 105 0 40 7 0 8 7 8 0 0 0 15 0 0 0 32 0 0 0
test/manual/intSet 0 1 10 0 1 0 0 0 0 2 0 0 0 0 0 0 0 1 10 0 10 4 0 1 4 1 0 0 0 3 0 0 0 2 0 0 0
intTable 0 1 1 0 1.75 0 0 0 0 0 0 0 0 0 0 0 0 4 4 0 1 3 0 4 3 4 0 0 0 4 0 0 0 0 0 0 0
iterNode 0 2 9 0 1 0 0 0 0 4 0 0 0 0 0 0 0 1 9 0 9 2 0 1 2 1 0 0 0 5 0 0 0 4 0 0 0
lcl_constants 0 0 0 0 0 0 0 0 0 0 0 0 0 0 0 0 0 0 0 0 0 0 0 0 0 0 0 0 0 0 0 0 0 0 0 0 0
lclctypes 3 1.8 31 0 1.2 0 0 0 0 5 0 0 0 0 0 0 0 4 155 0 39 3 0 5 3 5 0 0 0 27 0 0 0 20 0 0 0
lclForwardTypes 87 0 0 0 0 0 0 0 0 0 0 0 0 0 0 0 0 0 0 0 0 3 0 0 3 0 0 0 0 0 0 0 0 0 0 0 0
lclinit 1 3.45 21.0666666666667 0 1.01666666666667 0 0 0 0 16 0 0 0 0 0 0 0 2 1264 0 373 23 0 60 23 60 0 0 0 425 0 0 0 32 0 0 0
lcllib 3 2.66666666666667 78 0 1.16666666666667 0 0 0 0 22 0 0 0 0 0 0 0 2 468 0 146 3 0 6 3 6 0 0 0 113 0 0 0 44 0 0 0
lclMisc 0 3 12 0 2 0 0 0 0 2 0 0 0 0 0 0 0 1 12 0 12 0 0 1 0 1 0 0 0 3 0 0 0 2 0 0 0
lclPredicateNode 5 0 0 0 0 0 0 0 0 0 0 0 0 0 0 0 0 0 0 0 0 3 0 0 3 0 0 0 0 0 0 0 0 0 0 0 0
lclscan 23 1.25 16.25 0 1 0 0 0 0 12 0 0 0 0 0 0 0 3 130 0 49 9 0 8 9 8 0 0 0 54 0 0 0 36 0 0 0
lclscanline 9 11.7222222222222 68.0555555555556 0 1.11111111111111 0 0 0 0 20 0 0 0 0 0 0 0 2 1225 0 278 23 0 18 23 18 0 0 0 191 0 0 0 40 0 0 0
lclsyntable 7 1.42857142857143 16.8571428571429 0 1.14285714285714 0 0 0 0 5 0 0 0 0 0 0 0 2 118 0 52 2 0 7 2 7 0 0 0 32 0 0 0 10 0 0 0
lcltokentable 10 1.375 19 0 1.875 0 0 0 0 9 0 0 0 0 0 0 0 1 152 0 41 2 0 8 2 8 0 0 0 55 0 0 0 9 0 0 0
lclTypeSpecNode 16 6.25 37.25 0 1 0 0 0 0 10 0 0 0 0 0 0 0 2 149 0 106 14 0 4 14 4 0 0 0 60 0 0 0 20 0 0 0
lctype 129 2.71621621621622 13.9594594594595 0 1.21621621621622 0 0 0 0 26 0 0 0 0 0 0 0 99 2066 0 258 0 0 148 0 148 0 0 0 708 0 0 0 2574 0 0 0
letDeclNode 0 2 10 0 1 0 0 0 0 3 0 0 0 0 0 0 0 1 10 0 10 4 0 1 4 1 0 0 0 4 0 0 0 3 0 0 0
letDeclNodeList 17 1.2 14.8 0 1.2 0 0 0 0 8 0 0 0 0 0 0 0 3 74 0 21 7 0 5 7 5 0 0 0 22 0 0 0 24 0 0 0
lh 9 1.61538461538462 22.4615384615385 0 1.23076923076923 0 0 0 0 18 0 0 0 0 0 0 0 1 292 0 52 5 0 13 5 13 0 0 0 103 0 0 0 18 0 0 0
limwr 0 1 0 0 0 0 0 0 0 2 0 0 0 0 0 0 0 1 0 0 0 4 0 1 4 1 0 0 0 3 0 0 0 2 0 0 0
llerror 1537 2.02727272727273 17.9818181818182 0 2.62727272727273 0 0 0 0 33 0 0 0 0 0 0 0 37 1978 0 316 10 0 110 10 110 0 0 0 699 0 0 0 1221 0 0 0
llglobals 0 0 0 0 0 0 0 0 0 0 0 0 0 0 0 0 0 0 0 0 0 2 0 0 2 0 0 0 0 0 0 0 0 0 0 0 0
llgrammar 3 1.66666666666667 271.666666666667 0 2 0 0 0 0 9 0 0 0 0 0 0 0 6 2445 0 2339 103 0 9 103 9 0 0 0 34 0 0 0 54 0 0 0
llgrammar_gen 10 0 0 0 0 0 0 0 0 0 0 0 0 0 0 0 0 0 0 0 0 82 0 0 82 0 0 0 0 0 0 0 0 0 0 0 0
llgrammar_gen2 2 0 0 0 0 0 0 0 0 0 0 0 0 0 0 0 0 0 0 0 0 82 0 0 82 0 0 0 0 0 0 0 0 0 0 0 0
llmain 27 27.9411764705882 216.823529411765 0 1.17647058823529 0 0 0 0 126 0 0 0 0 0 0 0 9 3686 0 2339 5 0 17 5 17 0 0 0 966 0 0 0 1134 0 0 0
lltok 324 1 7.92592592592593 0 1.14814814814815 0 0 0 0 5 0 0 0 0 0 0 0 4 214 0 107 4 0 27 4 27 0 0 0 62 0 0 0 20 0 0 0
lslinit 3 3.45901639344262 22.983606557377 0 1.01639344262295 0 0 0 0 31 0 0 0 0 0 0 0 2 1402 0 374 24 0 61 24 61 0 0 0 484 0 0 0 62 0 0 0
lslOp 3 1 4.5 0 1 0 0 0 0 2 0 0 0 0 0 0 0 2 9 0 5 2 0 2 2 2 0 0 0 6 0 0 0 4 0 0 0
lslOpList 2 1.4 12.8 0 1.2 0 0 0 0 6 0 0 0 0 0 0 0 4 64 0 23 7 0 5 7 5 0 0 0 18 0 0 0 24 0 0 0
lslOpSet 26 1.6 14.1 0 1.2 0 0 0 0 8 0 0 0 0 0 0 0 1 141 0 22 7 0 10 7 10 0 0 0 48 0 0 0 8 0 0 0
lslparse 8 2.91666666666667 35.8333333333333 0 1.33333333333333 0 0 0 0 35 0 0 0 0 0 0 0 3 430 0 84 3 0 12 3 12 0 0 0 148 0 0 0 105 0 0 0
lsymbol 82 1.33333333333333 15.1333333333333 0 1.13333333333333 0 0 0 0 10 0 0 0 0 0 0 0 3 227 0 51 9 0 15 9 15 0 0 0 85 0 0 0 30 0 0 0
lsymbolList 3 1.5 13.25 0 1.25 0 0 0 0 4 0 0 0 0 0 0 0 3 53 0 22 7 0 4 7 4 0 0 0 14 0 0 0 12 0 0 0
lsymbolSet 4 1.28571428571429 15.2857142857143 0 1.28571428571429 0 0 0 0 6 0 0 0 0 0 0 0 2 107 0 27 7 0 7 7 7 0 0 0 31 0 0 0 12 0 0 0
ltoken 307 3.15 7.1 0 1.475 0 0 0 0 11 0 0 0 0 0 0 0 27 284 0 90 41 0 40 41 40 0 0 0 90 0 0 0 297 0 0 0
ltokenList 135 1.05 8.65 0 1.15 0 0 0 0 13 0 0 0 0 0 0 0 3 173 0 29 9 0 20 9 20 0 0 0 69 0 0 0 39 0 0 0
macrocache 6 1.86666666666667 21.2 0 1.8 0 0 0 0 17 0 0 0 0 0 0 0 2 318 0 50 9 0 15 9 15 0 0 0 119 0 0 0 34 0 0 0
mapping 17 1.2 14.4 0 1.6 0 0 0 0 6 0 0 0 0 0 0 0 4 72 0 18 7 0 5 7 5 0 0 0 21 0 0 0 24 0 0 0
message 951 10 103.5 0 1.5 0 0 0 0 12 0 0 0 0 0 0 0 1 207 0 143 2 0 2 2 2 0 0 0 33 0 0 0 12 0 0 0
messageLog 3 1.63636363636364 14.5454545454545 0 1.54545454545455 0 0 0 0 10 0 0 0 0 0 0 0 2 160 0 38 9 0 11 9 11 0 0 0 59 0 0 0 20 0 0 0
metaStateConstraint 7 1 5.33333333333333 0 1.16666666666667 0 0 0 0 6 0 0 0 0 0 0 0 5 32 0 7 2 0 6 2 6 0 0 0 22 0 0 0 30 0 0 0
metaStateConstraintList 2 1.07692307692308 9 0 1.15384615384615 0 0 0 0 10 0 0 0 0 0 0 0 3 117 0 25 3 0 13 3 13 0 0 0 52 0 0 0 30 0 0 0
metaStateExpression 6 1 7.4 0 1.1 0 0 0 0 7 0 0 0 0 0 0 0 7 74 0 16 2 0 10 2 10 0 0 0 36 0 0 0 49 0 0 0
metaStateInfo 23 1 7.18181818181818 0 1.63636363636364 0 0 0 0 16 0 0 0 0 0 0 0 4 158 0 28 7 0 22 7 22 0 0 0 102 0 0 0 64 0 0 0
metaStateSpecifier 9 1 7.375 0 1.125 0 0 0 0 7 0 0 0 0 0 0 0 4 59 0 14 3 0 8 3 8 0 0 0 32 0 0 0 28 0 0 0
metaStateTable 6 1 2.66666666666667 0 1.44444444444444 0 0 0 0 7 0 0 0 0 0 0 0 9 24 0 10 0 0 9 0 9 0 0 0 19 0 0 0 63 0 0 0
misc 19 1.22222222222222 6.16666666666667 0 1.11111111111111 0 0 0 0 7 0 0 0 0 0 0 0 18 111 0 22 0 0 18 0 18 0 0 0 37 0 0 0 126 0 0 0
modifiesClause 5 1 7 0 1.125 0 0 0 0 10 0 0 0 0 0 0 0 8 56 0 12 3 0 8 3 8 0 0 0 32 0 0 0 80 0 0 0
modifyNode 0 4 22 0 1 0 0 0 0 4 0 0 0 0 0 0 0 1 22 0 22 4 0 1 4 1 0 0 0 5 0 0 0 4 0 0 0
src/Headers/mstring 35 1.47058823529412 9.05882352941176 0 1.47058823529412 0 0 0 0 7 0 0 0 0 0 0 0 15 154 0 20 0 0 17 0 17 0 0 0 61 0 0 0 105 0 0 0
test/manual/mstring 0 0 0 0 0 0 0 0 0 0 0 0 0 0 0 0 0 0 0 0 0 0 0 0 0 0 0 0 0 0 0 0 0 0 0 0 0
mtAnnotationDecl 3 1 4.71428571428571 0 1.28571428571429 0 0 0 0 8 0 0 0 0 0 0 0 7 33 0 16 4 0 7 4 7 0 0 0 20 0 0 0 56 0 0 0
mtAnnotationList 4 1.16666666666667 10.25 0 1.25 0 0 0 0 8 0 0 0 0 0 0 0 3 123 0 26 3 0 12 3 12 0 0 0 43 0 0 0 24 0 0 0
mtAnnotationsNode 4 1 4.25 0 1 0 0 0 0 4 0 0 0 0 0 0 0 4 17 0 7 1 0 4 1 4 0 0 0 10 0 0 0 16 0 0 0
mtContextNode 15 1.39130434782609 12.6086956521739 0 1.26086956521739 0 0 0 0 9 0 0 0 0 0 0 0 2 290 0 59 2 0 23 2 23 0 0 0 99 0 0 0 18 0 0 0
mtDeclarationNode 3 1 114.666666666667 0 1.33333333333333 0 0 0 0 30 0 0 0 0 0 0 0 4 688 0 656 3 0 6 3 6 0 0 0 121 0 0 0 120 0 0 0
mtDeclarationPiece 5 1 10.1111111111111 0 1.07407407407407 0 0 0 0 15 0 0 0 0 0 0 0 4 273 0 57 2 0 27 2 27 0 0 0 117 0 0 0 60 0 0 0
mtDeclarationPieces 4 1 11.7142857142857 0 1.28571428571429 0 0 0 0 8 0 0 0 0 0 0 0 2 82 0 32 2 0 7 2 7 0 0 0 31 0 0 0 16 0 0 0
mtDefaultsDecl 4 1 4.83333333333333 0 1.16666666666667 0 0 0 0 9 0 0 0 0 0 0 0 6 29 0 14 3 0 6 3 6 0 0 0 21 0 0 0 54 0 0 0
mtDefaultsDeclList 3 1.16666666666667 10.6666666666667 0 1.25 0 0 0 0 8 0 0 0 0 0 0 0 3 128 0 26 3 0 12 3 12 0 0 0 45 0 0 0 24 0 0 0
mtDefaultsNode 4 1 5.25 0 1.25 0 0 0 0 7 0 0 0 0 0 0 0 4 21 0 10 2 0 4 2 4 0 0 0 14 0 0 0 28 0 0 0
mtgrammar 1 23.5714285714286 125.714285714286 0 1 0 0 0 0 38 0 0 0 0 0 0 0 6 880 0 826 43 0 7 43 7 0 0 0 104 0 0 0 228 0 0 0
mtgrammar.tab 0 0 0 0 0 0 0 0 0 0 0 0 0 0 0 0 0 0 0 0 0 81 0 0 81 0 0 0 0 0 0 0 0 0 0 0 0
mtgrammar_tokens 0 0 0 0 0 0 0 0 0 0 0 0 0 0 0 0 0 0 0 0 0 26 0 0 26 0 0 0 0 0 0 0 0 0 0 0 0
mtLoseReference 4 1 5.66666666666667 0 1.16666666666667 0 0 0 0 8 0 0 0 0 0 0 0 6 34 0 18 3 0 6 3 6 0 0 0 23 0 0 0 48 0 0 0
mtLoseReferenceList 3 1.16666666666667 10.6666666666667 0 1.25 0 0 0 0 8 0 0 0 0 0 0 0 3 128 0 26 3 0 12 3 12 0 0 0 45 0 0 0 24 0 0 0
mtMergeClause 4 1 3.85714285714286 0 1.28571428571429 0 0 0 0 5 0 0 0 0 0 0 0 7 27 0 9 3 0 7 3 7 0 0 0 15 0 0 0 35 0 0 0
mtMergeClauseList 3 1.16666666666667 10.6666666666667 0 1.25 0 0 0 0 8 0 0 0 0 0 0 0 3 128 0 26 3 0 12 3 12 0 0 0 45 0 0 0 24 0 0 0
mtMergeItem 4 1 5.85714285714286 0 1 0 0 0 0 7 0 0 0 0 0 0 0 6 41 0 12 3 0 7 3 7 0 0 0 27 0 0 0 42 0 0 0
mtMergeNode 4 1 4.25 0 1 0 0 0 0 4 0 0 0 0 0 0 0 3 17 0 7 1 0 4 1 4 0 0 0 11 0 0 0 12 0 0 0
mtreader 3 1 20.3333333333333 0 1 0 0 0 0 10 0 0 0 0 0 0 0 3 61 0 49 0 0 3 0 3 0 0 0 31 0 0 0 30 0 0 0
mtscanner 1 4.5 44.6666666666667 0 1 0 0 0 0 14 0 0 0 0 0 0 0 2 268 0 105 3 0 6 3 6 0 0 0 68 0 0 0 28 0 0 0
mttok 20 1 9.5 0 1.2 0 0 0 0 8 0 0 0 0 0 0 0 10 95 0 61 3 0 10 3 10 0 0 0 29 0 0 0 80 0 0 0
mtTransferAction 8 1 7.11111111111111 0 1 0 0 0 0 9 0 0 0 0 0 0 0 9 64 0 15 4 0 9 4 9 0 0 0 36 0 0 0 81 0 0 0
mtTransferClause 4 1 5.57142857142857 0 1.28571428571429 0 0 0 0 8 0 0 0 0 0 0 0 7 39 0 21 4 0 7 4 7 0 0 0 24 0 0 0 56 0 0 0
mtTransferClauseList 3 1.16666666666667 10.6666666666667 0 1.25 0 0 0 0 8 0 0 0 0 0 0 0 3 128 0 26 3 0 12 3 12 0 0 0 45 0 0 0 24 0 0 0
mtValuesNode 4 1 4.75 0 1 0 0 0 0 5 0 0 0 0 0 0 0 3 19 0 8 1 0 4 1 4 0 0 0 13 0 0 0 15 0 0 0
multiVal 101 1 11.8275862068966 0 1.20689655172414 0 0 0 0 9 0 0 0 0 0 0 0 4 343 0 36 12 0 29 12 29 0 0 0 104 0 0 0 36 0 0 0
nameChecks 2 8.25 91.3125 0 1.375 0 0 0 0 17 0 0 0 0 0 0 0 7 1461 0 326 1 0 16 1 16 0 0 0 227 0 0 0 119 0 0 0
nameNode 25 2.5 11.25 0 1 0 0 0 0 4 0 0 0 0 0 0 0 2 45 0 15 6 0 4 6 4 0 0 0 23 0 0 0 8 0 0 0
opFormNode 10 19 59 0 1 0 0 0 0 4 0 0 0 0 0 0 0 1 59 0 59 8 0 1 8 1 0 0 0 13 0 0 0 4 0 0 0
osd 0 4.47619047619048 33 0 1.38095238095238 0 0 0 0 17 0 0 0 0 0 0 0 21 693 0 143 0 0 21 0 21 0 0 0 125 0 0 0 357 0 0 0
pairNode 0 2 8 0 1 0 0 0 0 2 0 0 0 0 0 0 0 1 8 0 8 2 0 1 2 1 0 0 0 3 0 0 0 2 0 0 0
pairNodeList 11 1.16666666666667 12.3333333333333 0 1.16666666666667 0 0 0 0 8 0 0 0 0 0 0 0 2 74 0 19 7 0 6 7 6 0 0 0 23 0 0 0 16 0 0 0
paramNode 3 2.33333333333333 11.3333333333333 0 1 0 0 0 0 5 0 0 0 0 0 0 0 6 68 0 22 3 0 6 3 6 0 0 0 22 0 0 0 30 0 0 0
paramNodeList 23 1.08333333333333 10.1666666666667 0 1.08333333333333 0 0 0 0 9 0 0 0 0 0 0 0 6 122 0 20 7 0 12 7 12 0 0 0 41 0 0 0 54 0 0 0
pointers 10 1 8.07692307692308 0 1.30769230769231 0 0 0 0 9 0 0 0 0 0 0 0 4 105 0 32 2 0 13 2 13 0 0 0 49 0 0 0 36 0 0 0
pp 0 0 0 0 0 0 0 0 0 0 0 0 0 0 0 0 0 0 0 0 0 0 0 0 0 0 0 0 0 0 0 0 0 0 0 0 0
privateNode 5 6 21 0 1 0 0 0 0 3 0 0 0 0 0 0 0 1 21 0 21 10 0 1 10 1 0 0 0 13 0 0 0 3 0 0 0
programNode 4 6.5 25.5 0 1 0 0 0 0 8 0 0 0 0 0 0 0 2 51 0 36 7 0 2 7 2 0 0 0 11 0 0 0 16 0 0 0
programNodeList 6 1.2 13.6 0 1.2 0 0 0 0 6 0 0 0 0 0 0 0 4 68 0 20 3 0 5 3 5 0 0 0 17 0 0 0 24 0 0 0
qtype 61 1.15 9.6 0 1.45 0 0 0 0 13 0 0 0 0 0 0 0 5 192 0 25 5 0 20 5 20 0 0 0 91 0 0 0 65 0 0 0
qual 101 1 3.07070707070707 0 1.01010101010101 0 0 0 0 11 0 0 0 0 0 0 0 89 304 0 83 7 0 99 7 99 0 0 0 148 0 0 0 979 0 0 0
qualList 32 1.05263157894737 8.63157894736842 0 1.10526315789474 0 0 0 0 7 0 0 0 0 0 0 0 5 164 0 20 11 0 19 11 19 0 0 0 58 0 0 0 35 0 0 0
quantifierNode 1 1.5 9.5 0 1 0 0 0 0 3 0 0 0 0 0 0 0 2 19 0 10 3 0 2 3 2 0 0 0 11 0 0 0 6 0 0 0
quantifierNodeList 5 1.16666666666667 12.5 0 1.16666666666667 0 0 0 0 9 0 0 0 0 0 0 0 3 75 0 18 7 0 6 7 6 0 0 0 27 0 0 0 27 0 0 0
randomNumbers 2 0 0 0 0 0 0 0 0 0 0 0 0 0 0 0 0 0 0 0 0 1 0 0 1 0 0 0 0 0 0 0 0 0 0 0 0
rcfiles 4 7.5 83.5 0 2.5 0 0 0 0 15 0 0 0 0 0 0 0 1 167 0 122 0 0 2 0 2 0 0 0 35 0 0 0 15 0 0 0
reader 33 1 16.1666666666667 0 1.83333333333333 0 0 0 0 12 0 0 0 0 0 0 0 12 194 0 46 0 0 12 0 12 0 0 0 53 0 0 0 144 0 0 0
refTable-branch 0 1 1 0 1 0 0 0 0 0 0 0 0 0 0 0 0 2 2 0 1 5 0 2 5 2 0 0 0 2 0 0 0 0 0 0 0
renamingNode 2 3 16 0 1 0 0 0 0 3 0 0 0 0 0 0 0 1 16 0 16 8 0 1 8 1 0 0 0 4 0 0 0 3 0 0 0
replaceNode 0 3 20 0 1 0 0 0 0 4 0 0 0 0 0 0 0 2 40 0 21 12 0 2 12 2 0 0 0 12 0 0 0 8 0 0 0
replaceNodeList 7 1.14285714285714 10.4285714285714 0 1.14285714285714 0 0 0 0 6 0 0 0 0 0 0 0 5 73 0 20 7 0 7 7 7 0 0 0 21 0 0 0 30 0 0 0
scan 21 1.25 12.125 0 1 0 0 0 0 11 0 0 0 0 0 0 0 3 97 0 31 6 0 8 6 8 0 0 0 45 0 0 0 33 0 0 0
scanline 17 1 34.5454545454545 0 1.18181818181818 0 0 0 0 16 0 0 0 0 0 0 0 3 380 0 255 9 0 11 9 11 0 0 0 101 0 0 0 48 0 0 0
sgrammar_tokens 0 0 0 0 0 0 0 0 0 0 0 0 0 0 0 0 0 0 0 0 0 82 0 0 82 0 0 0 0 0 0 0 0 0 0 0 0
sHerald 0 0 0 0 0 0 0 0 0 0 0 0 0 0 0 0 0 0 0 0 0 0 0 0 0 0 0 0 0 0 0 0 0 0 0 0 0
shift 26 1 9.4 0 1 0 0 0 0 4 0 0 0 0 0 0 0 2 47 0 15 3 0 5 3 5 0 0 0 22 0 0 0 8 0 0 0
signature 12 10.2727272727273 75.0909090909091 0 1.72727272727273 0 0 0 0 11 0 0 0 0 0 0 0 6 826 0 676 101 0 11 101 11 0 0 0 79 0 0 0 66 0 0 0
signature_gen 0 0 0 0 0 0 0 0 0 0 0 0 0 0 0 0 0 0 0 0 0 81 0 0 81 0 0 0 0 0 0 0 0 0 0 0 0
signNode 4 1.5 8.5 0 1 0 0 0 0 7 0 0 0 0 0 0 0 1 17 0 11 4 0 2 4 2 0 0 0 14 0 0 0 7 0 0 0
sigNode 6 1.5 7.75 0 1 0 0 0 0 6 0 0 0 0 0 0 0 4 31 0 10 4 0 4 4 4 0 0 0 17 0 0 0 24 0 0 0
sigNodeSet 11 1.30769230769231 12.6923076923077 0 1.15384615384615 0 0 0 0 9 0 0 0 0 0 0 0 4 165 0 30 7 0 13 7 13 0 0 0 50 0 0 0 36 0 0 0
sort 49 4.84090909090909 38.9545454545455 0 1.45454545454545 0 0 0 0 27 0 0 0 0 0 0 0 18 1714 0 156 23 0 44 23 44 0 0 0 515 0 0 0 486 0 0 0
sortList 9 1.25 11.25 0 1.125 0 0 0 0 6 0 0 0 0 0 0 0 7 90 0 22 9 0 8 9 8 0 0 0 25 0 0 0 42 0 0 0
sortSet 31 1.23076923076923 13.3846153846154 0 1.15384615384615 0 0 0 0 8 0 0 0 0 0 0 0 1 174 0 32 7 0 13 7 13 0 0 0 53 0 0 0 8 0 0 0
sortSetList 5 1.2 9 0 1.1 0 0 0 0 6 0 0 0 0 0 0 0 9 90 0 22 9 0 10 9 10 0 0 0 31 0 0 0 54 0 0 0
sRef 373 2.73913043478261 22.3429951690821 0 1.55314009661836 0 0 0 0 52 0 0 0 0 0 0 0 28 9250 0 273 47 0 414 47 414 0 0 0 2640 0 0 0 1456 0 0 0
sRefList 0 1.08333333333333 8.25 0 1.08333333333333 0 0 0 0 7 0 0 0 0 0 0 0 2 99 0 20 3 0 12 3 12 0 0 0 40 0 0 0 14 0 0 0
sRefSet 150 1.05454545454545 16.1818181818182 0 1.49090909090909 0 0 0 0 20 0 0 0 0 0 0 0 10 890 0 39 3 0 55 3 55 0 0 0 294 0 0 0 200 0 0 0
sRefSetList 3 1.14285714285714 9.14285714285714 0 1.14285714285714 0 0 0 0 4 0 0 0 0 0 0 0 2 64 0 18 7 0 7 7 7 0 0 0 21 0 0 0 8 0 0 0
sRefSetStack 0 1 1 0 1.08333333333333 0 0 0 0 0 0 0 0 0 0 0 0 12 12 0 1 6 0 12 6 12 0 0 0 12 0 0 0 0 0 0 0
sRefTable 4 1.2 11.3 0 1.1 0 0 0 0 7 0 0 0 0 0 0 0 2 113 0 25 7 0 10 7 10 0 0 0 38 0 0 0 14 0 0 0
stateClause 22 1.5 15.8958333333333 0 1.20833333333333 0 0 0 0 14 0 0 0 0 0 0 0 32 763 0 61 5 0 48 5 48 0 0 0 267 0 0 0 448 0 0 0
stateClauseList 14 1.125 28 0 1.25 0 0 0 0 25 0 0 0 0 0 0 0 3 448 0 174 3 0 16 3 16 0 0 0 139 0 0 0 75 0 0 0
stateCombinationTable 69 1.15384615384615 13 0 2.15384615384615 0 0 0 0 11 0 0 0 0 0 0 0 3 169 0 38 9 0 13 9 13 0 0 0 70 0 0 0 33 0 0 0
stateInfo 71 3.16666666666667 23.8333333333333 0 1.55555555555556 0 0 0 0 14 0 0 0 0 0 0 0 5 429 0 59 4 0 18 4 18 0 0 0 116 0 0 0 70 0 0 0
stateValue 20 1 7.55555555555556 0 1.55555555555556 0 0 0 0 13 0 0 0 0 0 0 0 5 136 0 18 3 0 18 3 18 0 0 0 77 0 0 0 65 0 0 0
stDeclNode 2 1.5 9 0 1 0 0 0 0 2 0 0 0 0 0 0 0 2 18 0 9 2 0 2 2 2 0 0 0 8 0 0 0 4 0 0 0
stDeclNodeList 15 1.14285714285714 12.1428571428571 0 1.14285714285714 0 0 0 0 8 0 0 0 0 0 0 0 4 85 0 22 7 0 7 7 7 0 0 0 28 0 0 0 32 0 0 0
stmtNode 1 3 19 0 1 0 0 0 0 5 0 0 0 0 0 0 0 1 19 0 19 3 0 1 3 1 0 0 0 8 0 0 0 5 0 0 0
storeRefNode 5 2.16666666666667 7.5 0 1 0 0 0 0 3 0 0 0 0 0 0 0 3 45 0 21 8 0 6 8 6 0 0 0 20 0 0 0 9 0 0 0
storeRefNodeList 9 1.16666666666667 16.1666666666667 0 1.16666666666667 0 0 0 0 8 0 0 0 0 0 0 0 3 97 0 35 7 0 6 7 6 0 0 0 28 0 0 0 24 0 0 0
strOrUnionNode 9 5 25 0 1 0 0 0 0 5 0 0 0 0 0 0 0 1 25 0 25 5 0 1 5 1 0 0 0 10 0 0 0 5 0 0 0
structNames 29 1 9.9 0 1 0 0 0 0 3 0 0 0 0 0 0 0 7 99 0 30 1 0 10 1 10 0 0 0 42 0 0 0 21 0 0 0
symtable 40 3.25396825396825 29.8730158730159 0 1.6984126984127 0 0 0 0 52 0 0 0 0 0 0 0 5 1882 0 422 57 0 63 57 63 0 0 0 561 0 0 0 260 0 0 0
syntable 5 1.57142857142857 14.4285714285714 0 1.14285714285714 0 0 0 0 6 0 0 0 0 0 0 0 2 101 0 40 2 0 7 2 7 0 0 0 35 0 0 0 12 0 0 0
system_constants 0 0 0 0 0 0 0 0 0 0 0 0 0 0 0 0 0 0 0 0 0 0 0 0 0 0 0 0 0 0 0 0 0 0 0 0 0
taggedUnionNode 1 2 10 0 1 0 0 0 0 4 0 0 0 0 0 0 0 1 10 0 10 2 0 1 2 1 0 0 0 7 0 0 0 4 0 0 0
termNode 12 4.5 22.5 0 1 0 0 0 0 14 0 0 0 0 0 0 0 4 90 0 71 13 0 4 13 4 0 0 0 38 0 0 0 56 0 0 0
termNodeList 32 1.05 9.85 0 1.2 0 0 0 0 10 0 0 0 0 0 0 0 15 197 0 26 6 0 20 6 20 0 0 0 60 0 0 0 150 0 0 0
tmpname 0 1 1 0 3 0 0 0 0 0 0 0 0 0 0 0 0 1 1 0 1 0 0 1 0 1 0 0 0 1 0 0 0 0 0 0 0
tokentable 10 1.375 16.375 0 1.875 0 0 0 0 8 0 0 0 0 0 0 0 1 131 0 42 2 0 8 2 8 0 0 0 52 0 0 0 8 0 0 0
traitRefNode 1 2 9 0 1 0 0 0 0 2 0 0 0 0 0 0 0 1 9 0 9 2 0 1 2 1 0 0 0 3 0 0 0 2 0 0 0
traitRefNodeList 6 1.2 13.6 0 1.2 0 0 0 0 6 0 0 0 0 0 0 0 3 68 0 18 7 0 5 7 5 0 0 0 20 0 0 0 18 0 0 0
transferChecks 7 12.025 108.125 0 3.85 0 0 0 0 36 0 0 0 0 0 0 0 2 4325 0 963 3 0 40 3 40 0 0 0 887 0 0 0 72 0 0 0
typeExpr 8 5.75 34.25 0 1 0 0 0 0 9 0 0 0 0 0 0 0 4 137 0 55 20 0 4 20 4 0 0 0 32 0 0 0 36 0 0 0
typeId 29 1 1 0 1.28571428571429 0 0 0 0 0 0 0 0 0 0 0 0 7 7 0 1 0 0 7 0 7 0 0 0 7 0 0 0 0 0 0 0
typeIdSet 38 1.19047619047619 10.5238095238095 0 1.28571428571429 0 0 0 0 16 0 0 0 0 0 0 0 3 221 0 21 3 0 21 3 21 0 0 0 134 0 0 0 48 0 0 0
typeNameNode 4 3 16 0 1 0 0 0 0 6 0 0 0 0 0 0 0 1 32 0 23 3 0 2 3 2 0 0 0 14 0 0 0 6 0 0 0
typeNameNodeList 7 1.14285714285714 10.2857142857143 0 1.14285714285714 0 0 0 0 6 0 0 0 0 0 0 0 5 72 0 19 10 0 7 10 7 0 0 0 21 0 0 0 30 0 0 0
typeNode 2 5 18 0 1 0 0 0 0 4 0 0 0 0 0 0 0 1 18 0 18 8 0 1 8 1 0 0 0 7 0 0 0 4 0 0 0
uentry 329 2.75218658892128 29.8979591836735 0 1.87172011661808 0 0 0 0 63 0 0 0 0 0 0 0 10 10255 0 395 51 0 343 51 343 0 0 0 3247 0 0 0 630 0 0 0
uentryList 106 1.0952380952381 19.1904761904762 0 1.4047619047619 0 0 0 0 22 0 0 0 0 0 0 0 5 806 0 73 9 0 42 9 42 0 0 0 267 0 0 0 110 0 0 0
usymId 26 1 1 0 1.2 0 0 0 0 0 0 0 0 0 0 0 0 5 5 0 1 0 0 5 0 5 0 0 0 5 0 0 0 0 0 0 0
usymIdSet 15 1.26315789473684 16.7368421052632 0 1.36842105263158 0 0 0 0 17 0 0 0 0 0 0 0 1 318 0 47 7 0 19 7 19 0 0 0 103 0 0 0 17 0 0 0
usymtab 214 2.25748502994012 34.6467065868263 0 1.32934131736527 0 0 0 0 59 0 0 0 0 0 0 0 2 5786 0 498 22 0 167 22 167 0 0 0 1920 0 0 0 118 0 0 0
usymtab_interface 2 5.55882352941176 46.2941176470588 0 1.79411764705882 0 0 0 0 65 0 0 0 0 0 0 0 8 1574 0 226 0 0 34 0 34 0 0 0 604 0 0 0 520 0 0 0
valueMatrix 0 1 1 0 1.44444444444444 0 0 0 0 0 0 0 0 0 0 0 0 9 9 0 1 0 0 9 0 9 0 0 0 9 0 0 0 0 0 0 0
valueTable 34 1 4.33333333333333 0 1.5 0 0 0 0 11 0 0 0 0 0 0 0 9 52 0 20 0 0 12 0 12 0 0 0 40 0 0 0 99 0 0 0
varDeclarationNode 5 4.5 25 0 1 0 0 0 0 6 0 0 0 0 0 0 0 2 50 0 34 7 0 2 7 2 0 0 0 9 0 0 0 12 0 0 0
varDeclarationNodeList 9 1.2 12.8 0 1.2 0 0 0 0 6 0 0 0 0 0 0 0 4 64 0 18 7 0 5 7 5 0 0 0 18 0 0 0 24 0 0 0
varKinds 83 1.10144927536232 8.6231884057971 0 1.10144927536232 0 0 0 0 5 0 0 0 0 0 0 0 61 595 0 85 0 0 69 0 69 0 0 0 141 0 0 0 305 0 0 0
varNode 1 1.5 10 0 1 0 0 0 0 2 0 0 0 0 0 0 0 2 20 0 11 4 0 2 4 2 0 0 0 10 0 0 0 4 0 0 0
varNodeList 7 1.16666666666667 15.6666666666667 0 1.16666666666667 0 0 0 0 8 0 0 0 0 0 0 0 2 94 0 34 7 0 6 7 6 0 0 0 28 0 0 0 16 0 0 0
version 0 0 0 0 0 0 0 0 0 0 0 0 0 0 0 0 0 0 0 0 0 0 0 0 0 0 0 0 0 0 0 0 0 0 0 0 0
warnClause 14 1 10.4166666666667 0 1.33333333333333 0 0 0 0 12 0 0 0 0 0 0 0 2 125 0 25 3 0 12 3 12 0 0 0 66 0 0 0 24 0 0 0
ynm 25 1 2.9 0 1.1 0 0 0 0 2 0 0 0 0 0 0 0 10 29 0 11 0 0 10 0 10 0 0 0 12 0 0 0 20 0 0 0
intSet 4 1.14285714285714 17 0 1.28571428571429 0 0 0 0 5 0 0 0 0 0 0 0 6 119 0 40 0 0 7 0 7 0 0 0 22 0 0 0 30 0 0 0
loopHeuristics 1 3.61538461538462 30.3846153846154 0 2.23076923076923 0 0 0 0 16 0 0 0 0 0 0 0 1 395 0 90 0 0 13 0 13 0 0 0 153 0 0 0 16 0 0 0
src/osd 52 1.22222222222222 28.7407407407407 0 1.40740740740741 0 0 0 0 14 0 0 0 0 0 0 0 8 776 0 143 2 0 27 2 27 0 0 0 149 0 0 0 112 0 0 0
test/metastate/osd 1 1.5 7.5 0 1 0 0 0 0 4 0 0 0 0 0 0 0 1 15 0 14 0 0 2 0 2 0 0 0 9 0 0 0 4 0 0 0
src/sort 109 1.90588235294118 33.5647058823529 0 1.69411764705882 0 0 0 0 32 0 0 0 0 0 0 0 2 2853 0 337 27 0 85 27 85 0 0 0 1084 0 0 0 64 0 0 0
test/tests2.5/sort 0 0 0 0 0 0 0 0 0 0 0 0 0 0 0 0 0 0 0 0 0 13 0 0 13 0 0 0 0 0 0 0 0 0 0 0 0
abstptr 0 1 21 0 1 0 0 0 0 2 0 0 0 0 0 0 0 1 21 0 21 0 0 1 0 1 0 0 0 3 0 0 0 2 0 0 0
alias 0 2 25 0 2.5 0 0 0 0 4 0 0 0 0 0 0 0 2 50 0 38 2 0 2 2 2 0 0 0 14 0 0 0 8 0 0 0
alias2 2 3 54 0 3 0 0 0 0 3 0 0 0 0 0 0 0 1 54 0 54 2 0 1 2 1 0 0 0 8 0 0 0 3 0 0 0
alias3 0 1 13.75 0 1.5 0 0 0 0 2 0 0 0 0 0 0 0 1 55 0 37 2 0 4 2 4 0 0 0 12 0 0 0 2 0 0 0
alias4 0 2.33333333333333 9.66666666666667 0 1.33333333333333 0 0 0 0 4 0 0 0 0 0 0 0 3 29 0 14 0 0 3 0 3 0 0 0 10 0 0 0 12 0 0 0
alias5 2 1 6.66666666666667 0 1 0 0 0 0 3 0 0 0 0 0 0 0 1 20 0 7 3 0 3 3 3 0 0 0 12 0 0 0 3 0 0 0
alttypes 1 1 4.66666666666667 0 1 0 0 0 0 0 0 0 0 0 0 0 0 1 14 0 6 1 0 3 1 3 0 0 0 6 0 0 0 0 0 0 0
ansireserved 0 1 5 0 1 0 0 0 0 2 0 0 0 0 0 0 0 2 10 0 9 4 0 2 4 2 0 0 0 4 0 0 0 4 0 0 0
ansireserved2 0 0 0 0 0 0 0 0 0 0 0 0 0 0 0 0 0 0 0 0 0 1 0 0 1 0 0 0 0 0 0 0 0 0 0 0 0
argorder 580 1 10 0 3 0 0 0 0 2 0 0 0 0 0 0 0 1 10 0 10 2 0 1 2 1 0 0 0 6 0 0 0 2 0 0 0
argorder2 3 1 5.33333333333333 0 1.33333333333333 0 0 0 0 2 0 0 0 0 0 0 0 1 16 0 7 1 0 3 1 3 0 0 0 12 0 0 0 2 0 0 0
argorder3 0 1 13 0 1 0 0 0 0 2 0 0 0 0 0 0 0 1 13 0 13 0 0 1 0 1 0 0 0 4 0 0 0 2 0 0 0
argorder4 4 1.5 7.75 0 1.25 0 0 0 0 2 0 0 0 0 0 0 0 1 31 0 22 1 0 4 1 4 0 0 0 12 0 0 0 2 0 0 0
argorder5 1 1 2.2 0 1.6 0 0 0 0 1 0 0 0 0 0 0 0 1 11 0 7 0 0 5 0 5 0 0 0 10 0 0 0 1 0 0 0
args 1 1.2 6.5 0 1.9 0 0 0 0 3 0 0 0 0 0 0 0 9 65 0 16 0 0 10 0 10 0 0 0 20 0 0 0 27 0 0 0
arraydims 0 0 0 0 0 0 0 0 0 0 0 0 0 0 0 0 0 0 0 0 0 2 0 0 2 0 0 0 0 0 0 0 0 0 0 0 0
arrayinit 101 0 0 0 0 0 0 0 0 0 0 0 0 0 0 0 0 0 0 0 0 12 0 0 12 0 0 0 0 0 0 0 0 0 0 0 0
arraylit 0 1 16 0 2 0 0 0 0 1 0 0 0 0 0 0 0 1 16 0 16 0 0 1 0 1 0 0 0 3 0 0 0 1 0 0 0
blocks 0 13 25 0 1 0 0 0 0 0 0 0 0 0 0 0 0 1 25 0 25 0 0 1 0 1 0 0 0 1 0 0 0 0 0 0 0
branchstate 0 4 15 0 1 0 0 0 0 1 0 0 0 0 0 0 0 1 15 0 15 0 0 1 0 1 0 0 0 2 0 0 0 1 0 0 0
break 0 8 36 0 1 0 0 0 0 0 0 0 0 0 0 0 0 1 36 0 36 0 0 1 0 1 0 0 0 1 0 0 0 0 0 0 0
tests2.2/break 0 3 11 0 1 0 0 0 0 0 0 0 0 0 0 0 0 1 11 0 11 0 0 1 0 1 0 0 0 1 0 0 0 0 0 0 0
buffertest1 46 1 10.5 0 1 0 0 0 0 1 0 0 0 0 0 0 0 2 21 0 15 0 0 2 0 2 0 0 0 4 0 0 0 2 0 0 0
cases 0 6 19.5 0 1 0 0 0 0 2 0 0 0 0 0 0 0 1 39 0 38 0 0 2 0 2 0 0 0 6 0 0 0 2 0 0 0
cases2 0 2.5 10.5 0 1 0 0 0 0 0 0 0 0 0 0 0 0 1 42 0 14 0 0 4 0 4 0 0 0 7 0 0 0 0 0 0 0
cast 0 1 20 0 1 0 0 0 0 2 0 0 0 0 0 0 0 1 20 0 20 0 0 1 0 1 0 0 0 3 0 0 0 2 0 0 0
cast2 1 1 4.25 0 1 0 0 0 0 0 0 0 0 0 0 0 0 4 17 0 5 0 0 4 0 4 0 0 0 4 0 0 0 0 0 0 0
chararraylit 0 1 10 0 1 0 0 0 0 1 0 0 0 0 0 0 0 1 10 0 10 0 0 1 0 1 0 0 0 2 0 0 0 1 0 0 0
charlit 361 1 9 0 1 0 0 0 0 0 0 0 0 0 0 0 0 1 9 0 9 2 0 1 2 1 0 0 0 1 0 0 0 0 0 0 0
clauses 0 4 23 0 4 0 0 0 0 1 0 0 0 0 0 0 0 1 23 0 23 0 0 1 0 1 0 0 0 3 0 0 0 1 0 0 0
manual/clauses 4 1 6.2 0 1.2 0 0 0 0 3 0 0 0 0 0 0 0 2 31 0 8 4 0 5 4 5 0 0 0 16 0 0 0 6 0 0 0
clauses2 1 1.5 9 0 1 0 0 0 0 1 0 0 0 0 0 0 0 1 18 0 17 0 0 2 0 2 0 0 0 4 0 0 0 1 0 0 0
clauses3 83 2.2 11.6 0 1 0 0 0 0 0 0 0 0 0 0 0 0 5 58 0 13 1 0 5 1 5 0 0 0 5 0 0 0 0 0 0 0
commentchar 0 1 9 0 1 0 0 0 0 0 0 0 0 0 0 0 0 1 9 0 9 1 0 1 1 1 0 0 0 1 0 0 0 0 0 0 0
commentcmd 0 1 48 0 1 0 0 0 0 2 0 0 0 0 0 0 0 1 48 0 48 0 0 1 0 1 0 0 0 4 0 0 0 2 0 0 0
compdestroy 0 1.5 9 0 1 0 0 0 0 1 0 0 0 0 0 0 0 2 18 0 13 4 0 2 4 2 0 0 0 3 0 0 0 2 0 0 0
compoundliterals 0 1 12 0 2 0 0 0 0 1 0 0 0 0 0 0 0 1 12 0 12 2 0 1 2 1 0 0 0 4 0 0 0 1 0 0 0
compoundstmt 0 1 4.5 0 1.5 0 0 0 0 2 0 0 0 0 0 0 0 1 9 0 8 0 0 2 0 2 0 0 0 6 0 0 0 2 0 0 0
condifomit 0 1 4.5 0 0.75 0 0 0 0 2 0 0 0 0 0 0 0 4 18 0 6 0 0 4 0 4 0 0 0 8 0 0 0 8 0 0 0
miroslaw 0 1 4 0 1 0 0 0 0 0 0 0 0 0 0 0 0 1 4 0 4 1 0 1 1 1 0 0 0 1 0 0 0 0 0 0 0
releases 0 1 4 0 1 0 0 0 0 0 0 0 0 0 0 0 0 1 4 0 4 1 0 1 1 1 0 0 0 1 0 0 0 0 0 0 0
constannot 0 1 5.66666666666667 0 0.666666666666667 0 0 0 0 1 0 0 0 0 0 0 0 1 17 0 9 0 0 3 0 3 0 0 0 6 0 0 0 1 0 0 0
controldepth 0 6 26 0 2 0 0 0 0 1 0 0 0 0 0 0 0 1 26 0 26 0 0 1 0 1 0 0 0 2 0 0 0 1 0 0 0
csyntax 0 1.4 9.6 0 1.2 0 0 0 0 10 0 0 0 0 0 0 0 5 48 0 34 5 0 5 5 5 0 0 0 21 0 0 0 50 0 0 0
csyntax10 0 1 6 0 0.5 0 0 0 0 0 0 0 0 0 0 0 0 2 12 0 7 1 0 2 1 2 0 0 0 2 0 0 0 0 0 0 0
csyntax11 0 0 0 0 0 0 0 0 0 0 0 0 0 0 0 0 0 0 0 0 0 2 0 0 2 0 0 0 0 0 0 0 0 0 0 0 0
csyntax12 0 2 9 0 1 0 0 0 0 0 0 0 0 0 0 0 0 1 9 0 9 0 0 1 0 1 0 0 0 1 0 0 0 0 0 0 0
csyntax13 0 1 8 0 1 0 0 0 0 0 0 0 0 0 0 0 0 1 8 0 8 0 0 1 0 1 0 0 0 1 0 0 0 0 0 0 0
csyntax14 0 1 5 0 1 0 0 0 0 0 0 0 0 0 0 0 0 1 5 0 5 2 0 1 2 1 0 0 0 1 0 0 0 0 0 0 0
csyntax15 0 1 4 0 1 0 0 0 0 0 0 0 0 0 0 0 0 1 8 0 4 0 0 2 0 2 0 0 0 3 0 0 0 0 0 0 0
csyntax16 1 2 18 0 2 0 0 0 0 4 0 0 0 0 0 0 0 1 18 0 18 1 0 1 1 1 0 0 0 7 0 0 0 4 0 0 0
csyntax17 0 1 4 0 1 0 0 0 0 0 0 0 0 0 0 0 0 1 4 0 4 1 0 1 1 1 0 0 0 1 0 0 0 0 0 0 0
csyntax2 1 1 5.5 0 0.5 0 0 0 0 3 0 0 0 0 0 0 0 1 11 0 10 0 0 2 0 2 0 0 0 6 0 0 0 3 0 0 0
csyntax3 0 1 9 0 1 0 0 0 0 0 0 0 0 0 0 0 0 1 9 0 9 0 0 1 0 1 0 0 0 1 0 0 0 0 0 0 0
csyntax4 0 1 1 0 2 0 0 0 0 0 0 0 0 0 0 0 0 1 1 0 1 0 0 1 0 1 0 0 0 1 0 0 0 0 0 0 0
csyntax5 0 0 0 0 0 0 0 0 0 0 0 0 0 0 0 0 0 0 0 0 0 1 0 0 1 0 0 0 0 0 0 0 0 0 0 0 0
csyntax6 0 1 1 0 2 0 0 0 0 0 0 0 0 0 0 0 0 1 1 0 1 0 0 1 0 1 0 0 0 1 0 0 0 0 0 0 0
csyntax7 0 0 0 0 0 0 0 0 0 0 0 0 0 0 0 0 0 0 0 0 0 1 0 0 1 0 0 0 0 0 0 0 0 0 0 0 0
csyntax8 14 1 64 0 2 0 0 0 0 0 0 0 0 0 0 0 0 1 64 0 64 4 0 1 4 1 0 0 0 1 0 0 0 0 0 0 0
csyntax9 0 1 1 0 3 0 0 0 0 0 0 0 0 0 0 0 0 1 1 0 1 0 0 1 0 1 0 0 0 1 0 0 0 0 0 0 0
czechnames 0 1 4.5 0 1 0 0 0 0 1 0 0 0 0 0 0 0 4 18 0 6 3 0 4 3 4 0 0 0 5 0 0 0 4 0 0 0
czechoslovaknames 0 1 4.5 0 1 0 0 0 0 1 0 0 0 0 0 0 0 4 18 0 6 3 0 4 3 4 0 0 0 5 0 0 0 4 0 0 0
db2/dbase 20 4.09090909090909 22.0909090909091 0 1.54545454545455 0 0 0 0 9 0 0 0 0 0 0 0 1 243 0 54 2 0 11 2 11 0 0 0 54 0 0 0 9 0 0 0
db3/dbase 2 3.63636363636364 25.1818181818182 0 1.54545454545455 0 0 0 0 10 0 0 0 0 0 0 0 5 277 0 58 2 0 11 2 11 0 0 0 50 0 0 0 50 0 0 0
db1/dbase 0 4.09090909090909 22.9090909090909 0 1.54545454545455 0 0 0 0 10 0 0 0 0 0 0 0 11 252 0 56 2 0 11 2 11 0 0 0 54 0 0 0 110 0 0 0
db2/drive 0 15 153 0 2 0 0 0 0 5 0 0 0 0 0 0 0 1 153 0 153 0 0 1 0 1 0 0 0 19 0 0 0 5 0 0 0
db3/drive 0 15 180 0 2 0 0 0 0 6 0 0 0 0 0 0 0 1 180 0 180 0 0 1 0 1 0 0 0 18 0 0 0 6 0 0 0
db1/drive 0 15 153 0 2 0 0 0 0 36 0 0 0 0 0 0 0 1 153 0 153 0 0 1 0 1 0 0 0 163 0 0 0 36 0 0 0
db2/employee 13 1 10.3333333333333 0 2 0 0 0 0 1 0 0 0 0 0 0 0 3 31 0 15 0 0 3 0 3 0 0 0 5 0 0 0 3 0 0 0
db3/employee 0 1 10.3333333333333 0 2 0 0 0 0 3 0 0 0 0 0 0 0 3 31 0 15 0 0 3 0 3 0 0 0 7 0 0 0 9 0 0 0
db1/employee 0 1.66666666666667 10.3333333333333 0 2 0 0 0 0 2 0 0 0 0 0 0 0 3 31 0 15 0 0 3 0 3 0 0 0 6 0 0 0 6 0 0 0
db2/empset 17 2 13.6 0 1.8 0 0 0 0 7 0 0 0 0 0 0 0 4 136 0 23 2 0 10 2 10 0 0 0 43 0 0 0 28 0 0 0
db3/empset 6 1.90909090909091 14.7272727272727 0 1.81818181818182 0 0 0 0 7 0 0 0 0 0 0 0 4 162 0 25 2 0 11 2 11 0 0 0 47 0 0 0 28 0 0 0
db1/empset 0 2 14.4 0 1.8 0 0 0 0 8 0 0 0 0 0 0 0 10 144 0 23 2 0 10 2 10 0 0 0 47 0 0 0 80 0 0 0
db2/erc 46 2.22222222222222 14.5555555555556 0 1.44444444444444 0 0 0 0 7 0 0 0 0 0 0 0 6 131 0 26 4 0 9 4 9 0 0 0 41 0 0 0 42 0 0 0
db3/erc 0 2.2 15.3 0 1.4 0 0 0 0 8 0 0 0 0 0 0 0 9 153 0 34 4 0 10 4 10 0 0 0 45 0 0 0 72 0 0 0
db1/erc 8 2.2 14.8 0 1.4 0 0 0 0 7 0 0 0 0 0 0 0 7 148 0 28 4 0 10 4 10 0 0 0 42 0 0 0 49 0 0 0
db2/eref 22 5.5 38 0 1 0 0 0 0 4 0 0 0 0 0 0 0 1 76 0 39 5 0 2 5 2 0 0 0 18 0 0 0 4 0 0 0
db3/eref 37 2.8 20.8 0 1.2 0 0 0 0 5 0 0 0 0 0 0 0 5 104 0 46 5 0 5 5 5 0 0 0 27 0 0 0 25 0 0 0
db1/eref 8 5.5 38 0 1 0 0 0 0 4 0 0 0 0 0 0 0 1 76 0 39 5 0 2 5 2 0 0 0 18 0 0 0 4 0 0 0
db2/ereftab 6 1.2 6.8 0 1.8 0 0 0 0 5 0 0 0 0 0 0 0 5 34 0 11 0 0 5 0 5 0 0 0 16 0 0 0 25 0 0 0
db3/ereftab 0 1.2 7.8 0 1.8 0 0 0 0 5 0 0 0 0 0 0 0 5 39 0 16 0 0 5 0 5 0 0 0 16 0 0 0 25 0 0 0
db1/ereftab 0 1.2 7.4 0 1.8 0 0 0 0 5 0 0 0 0 0 0 0 5 37 0 14 0 0 5 0 5 0 0 0 16 0 0 0 25 0 0 0
etest 0 5 41 0 1 0 0 0 0 4 0 0 0 0 0 0 0 1 41 0 41 2 0 1 2 1 0 0 0 10 0 0 0 4 0 0 0
deadparam 380 1 6.33333333333333 0 1.33333333333333 0 0 0 0 11 0 0 0 0 0 0 0 1 19 0 8 0 0 3 0 3 0 0 0 23 0 0 0 11 0 0 0
decl 0 1 5.75 0 1 0 0 0 0 6 0 0 0 0 0 0 0 3 23 0 7 0 0 4 0 4 0 0 0 11 0 0 0 18 0 0 0
tests2.2/decl 6 1 4 0 1 0 0 0 0 0 0 0 0 0 0 0 0 1 4 0 4 13 0 1 13 1 0 0 0 1 0 0 0 0 0 0 0
decl2 0 0 0 0 0 0 0 0 0 0 0 0 0 0 0 0 0 0 0 0 0 3 0 0 3 0 0 0 0 0 0 0 0 0 0 0 0
divzero 0 1 6 0 1 0 0 0 0 0 0 0 0 0 0 0 0 1 6 0 6 0 0 1 0 1 0 0 0 1 0 0 0 0 0 0 0
dkf5kEnum 0 2 20 0 1 0 0 0 0 2 0 0 0 0 0 0 0 1 20 0 20 0 0 1 0 1 0 0 0 3 0 0 0 2 0 0 0
dkf5kRange 0 2 14 0 1 0 0 0 0 2 0 0 0 0 0 0 0 1 14 0 14 0 0 1 0 1 0 0 0 7 0 0 0 2 0 0 0
dkf5kSprintf 0 1 7 0 1 0 0 0 0 1 0 0 0 0 0 0 0 1 7 0 7 0 0 1 0 1 0 0 0 3 0 0 0 1 0 0 0
ensures 0 1 8 0 1 0 0 0 0 3 0 0 0 0 0 0 0 2 32 0 17 0 0 4 0 4 0 0 0 10 0 0 0 6 0 0 0
enum 0 4.5 22 0 1 0 0 0 0 3 0 0 0 0 0 0 0 2 44 0 40 11 0 2 11 2 0 0 0 7 0 0 0 6 0 0 0
enumtag 61 3 18 0 1 0 0 0 0 1 0 0 0 0 0 0 0 1 18 0 18 2 0 1 2 1 0 0 0 2 0 0 0 1 0 0 0
exports 0 1 64 0 2 0 0 0 0 2 0 0 0 0 0 0 0 1 64 0 64 1 0 1 1 1 0 0 0 3 0 0 0 2 0 0 0
external 0 1 1 0 1.25 0 0 0 0 0 0 0 0 0 0 0 0 8 8 0 1 0 0 8 0 8 0 0 0 8 0 0 0 0 0 0 0
fields 0 1 6.88888888888889 0 1 0 0 0 0 3 0 0 0 0 0 0 0 7 62 0 15 3 0 9 3 9 0 0 0 22 0 0 0 21 0 0 0
fields2 2 1 6 0 1 0 0 0 0 3 0 0 0 0 0 0 0 1 36 0 13 3 0 6 3 6 0 0 0 20 0 0 0 3 0 0 0
fields3 1 2 16.5 0 1 0 0 0 0 2 0 0 0 0 0 0 0 2 33 0 18 3 0 2 3 2 0 0 0 6 0 0 0 4 0 0 0
fileio/file 0 3 24 0 2 0 0 0 0 1 0 0 0 0 0 0 0 1 24 0 24 1 0 1 1 1 0 0 0 3 0 0 0 1 0 0 0
metastate/file 0 1 7 0 1 0 0 0 0 1 0 0 0 0 0 0 0 1 21 0 19 0 0 3 0 3 0 0 0 9 0 0 0 1 0 0 0
filebranch 0 3 12 0 1 0 0 0 0 2 0 0 0 0 0 0 0 1 12 0 12 0 0 1 0 1 0 0 0 4 0 0 0 2 0 0 0
filerw 0 1 14 0 2 0 0 0 0 2 0 0 0 0 0 0 0 1 14 0 14 0 0 1 0 1 0 0 0 5 0 0 0 2 0 0 0
for 0 3 16 0 1 0 0 0 0 2 0 0 0 0 0 0 0 1 16 0 16 0 0 1 0 1 0 0 0 4 0 0 0 2 0 0 0
forbody 0 0 0 0 0 0 0 0 0 0 0 0 0 0 0 0 0 0 0 0 0 0 0 0 0 0 0 0 0 0 0 0 0 0 0 0 0
format 0 1 7 0 2 0 0 0 0 1 0 0 0 0 0 0 0 1 7 0 7 0 0 1 0 1 0 0 0 3 0 0 0 1 0 0 0
freearray 0 1.5 8.5 0 1 0 0 0 0 1 0 0 0 0 0 0 0 1 17 0 12 2 0 2 2 2 0 0 0 6 0 0 0 1 0 0 0
funcpointer 0 1 6.25 0 1 0 0 0 0 3 0 0 0 0 0 0 0 3 50 0 32 3 0 8 3 8 0 0 0 20 0 0 0 9 0 0 0
functionmacro 0 1 7.5 0 0.5 0 0 0 0 1 0 0 0 0 0 0 0 1 15 0 9 0 0 2 0 2 0 0 0 6 0 0 0 1 0 0 0
glob 97 1 4.25 0 1 0 0 0 0 1 0 0 0 0 0 0 0 2 17 0 5 3 0 4 3 4 0 0 0 12 0 0 0 2 0 0 0
globalvariable 0 1 2.5 0 1.5 0 0 0 0 1 0 0 0 0 0 0 0 1 5 0 4 1 0 2 1 2 0 0 0 5 0 0 0 1 0 0 0
globals2 1 1 4 0 1 0 0 0 0 0 0 0 0 0 0 0 0 1 8 0 4 1 0 2 1 2 0 0 0 4 0 0 0 0 0 0 0
impabstract 0 3 14 0 2 0 0 0 0 6 0 0 0 0 0 0 0 1 14 0 14 0 0 1 0 1 0 0 0 10 0 0 0 6 0 0 0
info 0 1 4 0 0.5 0 0 0 0 1 0 0 0 0 0 0 0 2 8 0 4 0 0 2 0 2 0 0 0 4 0 0 0 2 0 0 0
init 686 0 0 0 0 0 0 0 0 0 0 0 0 0 0 0 0 0 0 0 0 18 0 0 18 0 0 0 0 0 0 0 0 0 0 0 0
innerarray 0 1 4.33333333333333 0 1 0 0 0 0 0 0 0 0 0 0 0 0 5 26 0 6 0 0 6 0 6 0 0 0 7 0 0 0 0 0 0 0
innerfree 0 2 9.5 0 1 0 0 0 0 0 0 0 0 0 0 0 0 2 19 0 15 2 0 2 2 2 0 0 0 3 0 0 0 0 0 0 0
inparam 0 1.33333333333333 4.33333333333333 0 1 0 0 0 0 0 0 0 0 0 0 0 0 1 13 0 11 0 0 3 0 3 0 0 0 5 0 0 0 0 0 0 0
internal 53 1 5 0 1 0 0 0 0 0 0 0 0 0 0 0 0 5 25 0 21 1 0 5 1 5 0 0 0 5 0 0 0 0 0 0 0
iter 0 1.5 14.5 0 1 0 0 0 0 5 0 0 0 0 0 0 0 2 29 0 29 1 0 2 1 2 0 0 0 11 0 0 0 10 0 0 0
iter2 0 1 27 0 1 0 0 0 0 5 0 0 0 0 0 0 0 1 27 0 27 0 0 1 0 1 0 0 0 6 0 0 0 5 0 0 0
keep 1 1.42857142857143 7.42857142857143 0 1 0 0 0 0 1 0 0 0 0 0 0 0 3 52 0 13 2 0 7 2 7 0 0 0 13 0 0 0 3 0 0 0
libs 0 1 9.4 0 1.6 0 0 0 0 6 0 0 0 0 0 0 0 2 47 0 21 0 0 5 0 5 0 0 0 22 0 0 0 12 0 0 0
linked 53 1 5 0 1 0 0 0 0 1 0 0 0 0 0 0 0 2 15 0 6 4 0 3 4 3 0 0 0 6 0 0 0 2 0 0 0
linked2 0 1 5 0 1 0 0 0 0 1 0 0 0 0 0 0 0 2 15 0 6 4 0 3 4 3 0 0 0 6 0 0 0 2 0 0 0
linked3 19 1.33333333333333 6 0 1 0 0 0 0 0 0 0 0 0 0 0 0 1 18 0 9 4 0 3 4 3 0 0 0 7 0 0 0 0 0 0 0
linked4 0 1.33333333333333 6 0 1 0 0 0 0 1 0 0 0 0 0 0 0 2 18 0 9 5 0 3 5 3 0 0 0 7 0 0 0 2 0 0 0
linked5 0 1.33333333333333 6 0 1 0 0 0 0 1 0 0 0 0 0 0 0 3 18 0 9 6 0 3 6 3 0 0 0 7 0 0 0 3 0 0 0
linked6 0 1.25 7.75 0 1 0 0 0 0 1 0 0 0 0 0 0 0 2 31 0 12 6 0 4 6 4 0 0 0 11 0 0 0 2 0 0 0
lintcomments 0 6 28 0 1 0 0 0 0 1 0 0 0 0 0 0 0 1 28 0 28 0 0 1 0 1 0 0 0 2 0 0 0 1 0 0 0
list 1 1.66666666666667 9.33333333333333 0 1.66666666666667 0 0 0 0 2 0 0 0 0 0 0 0 1 28 0 15 2 0 3 2 3 0 0 0 9 0 0 0 2 0 0 0
manual/list 2 2 7 0 1.5 0 0 0 0 1 0 0 0 0 0 0 0 2 14 0 13 2 0 2 2 2 0 0 0 5 0 0 0 2 0 0 0
longconstants 0 0 0 0 0 0 0 0 0 0 0 0 0 0 0 0 0 0 0 0 0 4 0 0 4 0 0 0 0 0 0 0 0 0 0 0 0
longint 0 1 14 0 1 0 0 0 0 0 0 0 0 0 0 0 0 1 14 0 14 0 0 1 0 1 0 0 0 1 0 0 0 0 0 0 0
loopexec 0 2 9.66666666666667 0 1 0 0 0 0 1 0 0 0 0 0 0 0 3 29 0 10 0 0 3 0 3 0 0 0 6 0 0 0 3 0 0 0
looptesteffect 6 4 11 0 1 0 0 0 0 0 0 0 0 0 0 0 0 1 11 0 11 2 0 1 2 1 0 0 0 3 0 0 0 0 0 0 0
macros 0 0 0 0 0 0 0 0 0 0 0 0 0 0 0 0 0 0 0 0 0 0 0 0 0 0 0 0 0 0 0 0 0 0 0 0 0
manual/macros 0 1 5.5 0 3 0 0 0 0 1 0 0 0 0 0 0 0 1 11 0 10 0 0 2 0 2 0 0 0 4 0 0 0 1 0 0 0
macrosef 0 2.66666666666667 25 0 1.33333333333333 0 0 0 0 10 0 0 0 0 0 0 0 2 75 0 64 0 0 3 0 3 0 0 0 18 0 0 0 20 0 0 0
malloc 0 2 8.75 0 1 0 0 0 0 0 0 0 0 0 0 0 0 4 35 0 10 0 0 4 0 4 0 0 0 4 0 0 0 0 0 0 0
annotglobs 1 1 6 0 1 0 0 0 0 1 0 0 0 0 0 0 0 1 12 0 7 8 0 2 8 2 0 0 0 6 0 0 0 1 0 0 0
bool 0 5 13 0 4 0 0 0 0 1 0 0 0 0 0 0 0 1 13 0 13 0 0 1 0 1 0 0 0 2 0 0 0 1 0 0 0
bounds 0 2 9 0 1.5 0 0 0 0 2 0 0 0 0 0 0 0 2 18 0 11 0 0 2 0 2 0 0 0 5 0 0 0 4 0 0 0
manual/employee 0 0 0 0 0 0 0 0 0 0 0 0 0 0 0 0 0 0 0 0 0 4 0 0 4 0 0 0 0 0 0 0 0 0 0 0 0
exposure 0 1 3.75 0 1 0 0 0 0 2 0 0 0 0 0 0 0 3 15 0 7 0 0 4 0 4 0 0 0 7 0 0 0 6 0 0 0
ignore 8 1 2.75 0 1 0 0 0 0 0 0 0 0 0 0 0 0 1 11 0 8 0 0 4 0 4 0 0 0 7 0 0 0 0 0 0 0
implicit 0 1 1 0 2 0 0 0 0 0 0 0 0 0 0 0 0 1 1 0 1 3 0 1 3 1 0 0 0 1 0 0 0 0 0 0 0
loop 0 1.5 9.25 0 1 0 0 0 0 0 0 0 0 0 0 0 0 1 37 0 12 2 0 4 2 4 0 0 0 7 0 0 0 0 0 0 0
modify 0 1 5 0 2 0 0 0 0 1 0 0 0 0 0 0 0 1 10 0 5 0 0 2 0 2 0 0 0 5 0 0 0 1 0 0 0
mstring 0 1 4 0 1 0 0 0 0 1 0 0 0 0 0 0 0 1 8 0 7 0 0 2 0 2 0 0 0 4 0 0 0 1 0 0 0
mstringnn 0 1 4.5 0 1 0 0 0 0 1 0 0 0 0 0 0 0 1 18 0 8 0 0 4 0 4 0 0 0 9 0 0 0 1 0 0 0
multiError 0 1 6 0 1 0 0 0 0 1 0 0 0 0 0 0 0 1 6 0 6 0 0 1 0 1 0 0 0 2 0 0 0 1 0 0 0
names 0 1.5 7 0 1 0 0 0 0 0 0 0 0 0 0 0 0 2 14 0 13 0 0 2 0 2 0 0 0 2 0 0 0 0 0 0 0
null 0 1.5 4.5 0 1 0 0 0 0 1 0 0 0 0 0 0 0 2 9 0 5 0 0 2 0 2 0 0 0 4 0 0 0 2 0 0 0
only 0 1 12 0 3 0 0 0 0 2 0 0 0 0 0 0 0 1 12 0 12 1 0 1 1 1 0 0 0 5 0 0 0 2 0 0 0
order 0 1 3.66666666666667 0 1.33333333333333 0 0 0 0 2 0 0 0 0 0 0 0 1 11 0 9 1 0 3 1 3 0 0 0 8 0 0 0 2 0 0 0
palindrome 1 2 8 0 1 0 0 0 0 4 0 0 0 0 0 0 0 1 16 0 12 0 0 2 0 2 0 0 0 7 0 0 0 4 0 0 0
refs 5 0 0 0 0 0 0 0 0 0 0 0 0 0 0 0 0 0 0 0 0 4 0 0 4 0 0 0 0 0 0 0 0 0 0 0 0
rgb 0 0 0 0 0 0 0 0 0 0 0 0 0 0 0 0 0 0 0 0 0 6 0 0 6 0 0 0 0 0 0 0 0 0 0 0 0
rstring 0 1.5 8 0 1.5 0 0 0 0 2 0 0 0 0 0 0 0 1 16 0 11 4 0 2 4 2 0 0 0 5 0 0 0 2 0 0 0
sample 0 1 10 0 1 0 0 0 0 0 0 0 0 0 0 0 0 1 10 0 10 0 0 1 0 1 0 0 0 1 0 0 0 0 0 0 0
setChar 0 1 4 0 0 0 0 0 0 0 0 0 0 0 0 0 0 1 4 0 4 1 0 1 1 1 0 0 0 2 0 0 0 0 0 0 0
setname 0 1 5 0 1 0 0 0 0 0 0 0 0 0 0 0 0 1 5 0 5 2 0 1 2 1 0 0 0 1 0 0 0 0 0 0 0
sumsquares 0 1 2 0 1.33333333333333 0 0 0 0 1 0 0 0 0 0 0 0 3 6 0 4 0 0 3 0 3 0 0 0 4 0 0 0 3 0 0 0
testpal 0 1 8 0 1 0 0 0 0 2 0 0 0 0 0 0 0 1 8 0 8 0 0 1 0 1 0 0 0 3 0 0 0 2 0 0 0
types 0 0 0 0 0 0 0 0 0 0 0 0 0 0 0 0 0 0 0 0 0 6 0 0 6 0 0 0 0 0 0 0 0 0 0 0 0
unique 0 1 6 0 2 0 0 0 0 2 0 0 0 0 0 0 0 1 6 0 6 0 0 1 0 1 0 0 0 3 0 0 0 2 0 0 0
usedef 0 1.75 4.25 0 1.25 0 0 0 0 1 0 0 0 0 0 0 0 1 17 0 14 0 0 4 0 4 0 0 0 8 0 0 0 1 0 0 0
maxsetannotations 0 1 3 0 2 0 0 0 0 2 0 0 0 0 0 0 0 1 3 0 3 0 0 1 0 1 0 0 0 3 0 0 0 2 0 0 0
maxsetnoannotations 0 1 3 0 2 0 0 0 0 2 0 0 0 0 0 0 0 1 3 0 3 0 0 1 0 1 0 0 0 3 0 0 0 2 0 0 0
merge 0 3 16 0 1 0 0 0 0 1 0 0 0 0 0 0 0 1 48 0 17 1 0 3 1 3 0 0 0 9 0 0 0 1 0 0 0
mergenull 0 2 8 0 1 0 0 0 0 1 0 0 0 0 0 0 0 1 8 0 8 1 0 1 1 1 0 0 0 2 0 0 0 1 0 0 0
taintednm 0 1 25 0 1 0 0 0 0 3 0 0 0 0 0 0 0 1 25 0 25 0 0 1 0 1 0 0 0 4 0 0 0 3 0 0 0
file1 0 1.33333333333333 8.66666666666667 0 1 0 0 0 0 1 0 0 0 0 0 0 0 1 26 0 24 0 0 3 0 3 0 0 0 7 0 0 0 1 0 0 0
file2 0 1.5 6.5 0 1 0 0 0 0 1 0 0 0 0 0 0 0 1 13 0 12 0 0 2 0 2 0 0 0 4 0 0 0 1 0 0 0
file3 0 1.33333333333333 4.33333333333333 0 1 0 0 0 0 1 0 0 0 0 0 0 0 3 13 0 11 0 0 3 0 3 0 0 0 5 0 0 0 3 0 0 0
file4 0 1.25 6.5 0 1 0 0 0 0 1 0 0 0 0 0 0 0 1 26 0 20 0 0 4 0 4 0 0 0 10 0 0 0 1 0 0 0
file5 0 1.2 7 0 1 0 0 0 0 1 0 0 0 0 0 0 0 2 35 0 20 0 0 5 0 5 0 0 0 14 0 0 0 2 0 0 0
file6 0 1 5.6 0 1 0 0 0 0 1 0 0 0 0 0 0 0 3 28 0 9 0 0 5 0 5 0 0 0 12 0 0 0 3 0 0 0
file7 55 1 5 0 1 0 0 0 0 2 0 0 0 0 0 0 0 1 10 0 6 1 0 2 1 2 0 0 0 6 0 0 0 2 0 0 0
filebad 0 1 1 0 1.5 0 0 0 0 0 0 0 0 0 0 0 0 2 2 0 1 0 0 2 0 2 0 0 0 2 0 0 0 0 0 0 0
global 0 1 4 0 1 0 0 0 0 2 0 0 0 0 0 0 0 1 4 0 4 1 0 1 1 1 0 0 0 4 0 0 0 2 0 0 0
nullbranch 0 2 15.6666666666667 0 1 0 0 0 0 2 0 0 0 0 0 0 0 3 47 0 16 0 0 3 0 3 0 0 0 14 0 0 0 6 0 0 0
nullbranch2 0 2 16 0 1 0 0 0 0 1 0 0 0 0 0 0 0 1 16 0 16 0 0 1 0 1 0 0 0 2 0 0 0 1 0 0 0
sockets 0 1 3.5 0 1 0 0 0 0 0 0 0 0 0 0 0 0 1 35 0 6 0 0 10 0 10 0 0 0 21 0 0 0 0 0 0 0
sockets2 0 1.4 3.4 0 1 0 0 0 0 0 0 0 0 0 0 0 0 2 17 0 8 0 0 5 0 5 0 0 0 8 0 0 0 0 0 0 0
voidptr 0 2 16 0 4 0 0 0 0 1 0 0 0 0 0 0 0 1 16 0 16 0 0 1 0 1 0 0 0 2 0 0 0 1 0 0 0
modclient 1 1 7 0 1 0 0 0 0 1 0 0 0 0 0 0 0 1 7 0 7 0 0 1 0 1 0 0 0 2 0 0 0 1 0 0 0
modifies 0 1 3 0 1 0 0 0 0 1 0 0 0 0 0 0 0 5 21 0 5 2 0 7 2 7 0 0 0 11 0 0 0 5 0 0 0
tclauses/modifies 0 1 8 0 2 0 0 0 0 1 0 0 0 0 0 0 0 1 8 0 8 0 0 1 0 1 0 0 0 2 0 0 0 1 0 0 0
modtest 8 1 8.66666666666667 0 1.66666666666667 0 0 0 0 1 0 0 0 0 0 0 0 1 26 0 16 8 0 3 8 3 0 0 0 16 0 0 0 1 0 0 0
moduncon 2 1 3.25 0 1 0 0 0 0 0 0 0 0 0 0 0 0 2 13 0 6 0 0 4 0 4 0 0 0 6 0 0 0 0 0 0 0
initialization 0 1 10 0 1 0 0 0 0 1 0 0 0 0 0 0 0 1 10 0 10 0 0 1 0 1 0 0 0 2 0 0 0 1 0 0 0
simplifyTest 0 1 5.5 0 2 0 0 0 0 1 0 0 0 0 0 0 0 2 11 0 6 0 0 2 0 2 0 0 0 4 0 0 0 2 0 0 0
strncatNotReallyGood 0 1 6 0 1 0 0 0 0 1 0 0 0 0 0 0 0 1 6 0 6 0 0 1 0 1 0 0 0 2 0 0 0 1 0 0 0
strncatReallyGood 0 1 10 0 1 0 0 0 0 1 0 0 0 0 0 0 0 1 10 0 10 1 0 1 1 1 0 0 0 5 0 0 0 1 0 0 0
strrchr 2 1 6 0 1 0 0 0 0 2 0 0 0 0 0 0 0 1 6 0 6 0 0 1 0 1 0 0 0 3 0 0 0 2 0 0 0
unrecogCall 0 1 9 0 1 0 0 0 0 1 0 0 0 0 0 0 0 1 9 0 9 0 0 1 0 1 0 0 0 2 0 0 0 1 0 0 0
arrayConstExpr 0 1 10 0 0 0 0 0 0 0 0 0 0 0 0 0 0 1 10 0 10 0 0 1 0 1 0 0 0 1 0 0 0 0 0 0 0
fixedArrayType 0 1 8 0 0 0 0 0 0 0 0 0 0 0 0 0 0 1 8 0 8 0 0 1 0 1 0 0 0 1 0 0 0 0 0 0 0
initBlock 0 1 11 0 1 0 0 0 0 1 0 0 0 0 0 0 0 1 11 0 11 0 0 1 0 1 0 0 0 2 0 0 0 1 0 0 0
unknownsize 0 1 8 0 0 0 0 0 0 1 0 0 0 0 0 0 0 2 16 0 9 0 0 2 0 2 0 0 0 5 0 0 0 2 0 0 0
mparen 0 1 4 0 1 0 0 0 0 0 0 0 0 0 0 0 0 1 4 0 4 0 0 1 0 1 0 0 0 1 0 0 0 0 0 0 0
mut 1 1.5 7.5 0 1 0 0 0 0 2 0 0 0 0 0 0 0 2 15 0 11 0 0 2 0 2 0 0 0 4 0 0 0 4 0 0 0
mystrncat 0 1 7 0 2 0 0 0 0 2 0 0 0 0 0 0 0 1 14 0 13 0 0 2 0 2 0 0 0 5 0 0 0 2 0 0 0
noeffect 0 0 0 0 0 0 0 0 0 0 0 0 0 0 0 0 0 0 0 0 0 0 0 0 0 0 0 0 0 0 0 0 0 0 0 0 0
manual/noeffect 0 1 3 0 1.33333333333333 0 0 0 0 1 0 0 0 0 0 0 0 1 9 0 7 0 0 3 0 3 0 0 0 6 0 0 0 1 0 0 0
null1 0 4.66666666666667 23 0 1 0 0 0 0 5 0 0 0 0 0 0 0 1 69 0 59 0 0 3 0 3 0 0 0 18 0 0 0 5 0 0 0
null2 0 2 14 0 2 0 0 0 0 2 0 0 0 0 0 0 0 2 42 0 32 0 0 3 0 3 0 0 0 8 0 0 0 4 0 0 0
null3 0 2 14 0 1.6 0 0 0 0 1 0 0 0 0 0 0 0 3 70 0 48 2 0 5 2 5 0 0 0 13 0 0 0 3 0 0 0
null4 121 2.33333333333333 6.16666666666667 0 1 0 0 0 0 1 0 0 0 0 0 0 0 1 37 0 10 1 0 6 1 6 0 0 0 15 0 0 0 1 0 0 0
null5 5 1.42857142857143 4.71428571428571 0 1.14285714285714 0 0 0 0 1 0 0 0 0 0 0 0 4 33 0 11 0 0 7 0 7 0 0 0 13 0 0 0 4 0 0 0
null6 0 1.5 7.6 0 1 0 0 0 0 1 0 0 0 0 0 0 0 4 76 0 15 0 0 10 0 10 0 0 0 17 0 0 0 4 0 0 0
nullassign 0 0 0 0 0 0 0 0 0 0 0 0 0 0 0 0 0 0 0 0 0 3 0 0 3 0 0 0 0 0 0 0 0 0 0 0 0
nullret 0 1 1 0 1 0 0 0 0 0 0 0 0 0 0 0 0 3 3 0 1 0 0 3 0 3 0 0 0 3 0 0 0 0 0 0 0
metastate/nullret 0 3 24 0 4 0 0 0 0 6 0 0 0 0 0 0 0 1 24 0 24 0 0 1 0 1 0 0 0 7 0 0 0 6 0 0 0
buggy1 3 3.41666666666667 38.75 0 2 0 0 0 0 11 0 0 0 0 0 0 0 1 930 0 291 4 0 24 4 24 0 0 0 93 0 0 0 11 0 0 0
buggy_support1 16 2.36363636363636 11.8181818181818 0 1.90909090909091 0 0 0 0 5 0 0 0 0 0 0 0 9 130 0 24 0 0 11 0 11 0 0 0 32 0 0 0 45 0 0 0
buggy_support_fmakeword 0 1 2.25 0 1.75 0 0 0 0 0 0 0 0 0 0 0 0 3 9 0 6 0 0 4 0 4 0 0 0 5 0 0 0 0 0 0 0
numabstract 0 3.5 21 0 2.5 0 0 0 0 2 0 0 0 0 0 0 0 2 42 0 26 0 0 2 0 2 0 0 0 7 0 0 0 4 0 0 0
observer 0 1 8.75 0 1 0 0 0 0 1 0 0 0 0 0 0 0 1 35 0 20 2 0 4 2 4 0 0 0 8 0 0 0 1 0 0 0
oldstyle 0 1 6 0 1.66666666666667 0 0 0 0 1 0 0 0 0 0 0 0 3 18 0 8 0 0 3 0 3 0 0 0 5 0 0 0 3 0 0 0
oldstyle2 0 1.66666666666667 7.33333333333333 0 0.333333333333333 0 0 0 0 0 0 0 0 0 0 0 0 3 22 0 9 0 0 3 0 3 0 0 0 3 0 0 0 0 0 0 0
outglob 8 2 16 0 1 0 0 0 0 1 0 0 0 0 0 0 0 1 48 0 40 3 0 3 3 3 0 0 0 12 0 0 0 1 0 0 0
outparam 4 1 15 0 1.66666666666667 0 0 0 0 4 0 0 0 0 0 0 0 2 45 0 20 8 0 3 8 3 0 0 0 17 0 0 0 8 0 0 0
parentype 0 1 8 0 1 0 0 0 0 1 0 0 0 0 0 0 0 1 8 0 8 0 0 1 0 1 0 0 0 3 0 0 0 1 0 0 0
pivo 0 0 0 0 0 0 0 0 0 0 0 0 0 0 0 0 0 0 0 0 0 0 0 0 0 0 0 0 0 0 0 0 0 0 0 0 0
postnotnull 0 1 4 0 1 0 0 0 0 1 0 0 0 0 0 0 0 1 12 0 6 2 0 3 2 3 0 0 0 7 0 0 0 1 0 0 0
preds 0 8 39 0 4 0 0 0 0 2 0 0 0 0 0 0 0 1 39 0 39 0 0 1 0 1 0 0 0 3 0 0 0 2 0 0 0
prefixes 0 1 10 0 1 0 0 0 0 0 0 0 0 0 0 0 0 2 20 0 11 8 0 2 8 2 0 0 0 2 0 0 0 0 0 0 0
printflike 0 1 1 0 1.83333333333333 0 0 0 0 0 0 0 0 0 0 0 0 6 6 0 1 0 0 6 0 6 0 0 0 6 0 0 0 0 0 0 0
rc 0 1 4 0 1 0 0 0 0 0 0 0 0 0 0 0 0 1 4 0 4 0 0 1 0 1 0 0 0 1 0 0 0 0 0 0 0
refcounts 0 1.1 5.8 0 1.1 0 0 0 0 1 0 0 0 0 0 0 0 3 58 0 10 2 0 10 2 10 0 0 0 22 0 0 0 3 0 0 0
release 0 4 26 0 1 0 0 0 0 2 0 0 0 0 0 0 0 1 26 0 26 0 0 1 0 1 0 0 0 3 0 0 0 2 0 0 0
repexpose 0 1.125 6.875 0 1.375 0 0 0 0 4 0 0 0 0 0 0 0 8 55 0 20 6 0 8 6 8 0 0 0 20 0 0 0 32 0 0 0
returned 1 1.5 7.5 0 1 0 0 0 0 1 0 0 0 0 0 0 0 1 15 0 14 0 0 2 0 2 0 0 0 4 0 0 0 1 0 0 0
manual/returned 0 2.5 12.25 0 1.5 0 0 0 0 2 0 0 0 0 0 0 0 1 49 0 40 0 0 4 0 4 0 0 0 11 0 0 0 2 0 0 0
russian 0 0 0 0 0 0 0 0 0 0 0 0 0 0 0 0 0 0 0 0 0 1 0 0 1 0 0 0 0 0 0 0 0 0 0 0 0
sharing1 1 1.4 10.2 0 1.6 0 0 0 0 2 0 0 0 0 0 0 0 2 51 0 31 4 0 5 4 5 0 0 0 16 0 0 0 4 0 0 0
sharing2 0 1 5.16666666666667 0 0.666666666666667 0 0 0 0 1 0 0 0 0 0 0 0 4 31 0 11 8 0 6 8 6 0 0 0 9 0 0 0 4 0 0 0
sharing3 1 1.22222222222222 5.66666666666667 0 1 0 0 0 0 3 0 0 0 0 0 0 0 3 51 0 14 0 0 9 0 9 0 0 0 20 0 0 0 9 0 0 0
sharing4 0 1 12.6666666666667 0 3 0 0 0 0 1 0 0 0 0 0 0 0 1 38 0 33 7 0 3 7 3 0 0 0 13 0 0 0 1 0 0 0
sharing5 0 1.33333333333333 11.6666666666667 0 2 0 0 0 0 0 0 0 0 0 0 0 0 2 35 0 30 0 0 3 0 3 0 0 0 4 0 0 0 0 0 0 0
shifts 0 1 14 0 3 0 0 0 0 1 0 0 0 0 0 0 0 1 14 0 14 0 0 1 0 1 0 0 0 2 0 0 0 1 0 0 0
m 0 1 4.5 0 0.5 0 0 0 0 0 0 0 0 0 0 0 0 1 9 0 8 0 0 2 0 2 0 0 0 3 0 0 0 0 0 0 0
simplebufferConstraintTests/test3 0 1 10 0 0 0 0 0 0 2 0 0 0 0 0 0 0 1 10 0 10 0 0 1 0 1 0 0 0 3 0 0 0 2 0 0 0
nullterminatedtest/test3 9 1 6.75 0 1.25 0 0 0 0 2 0 0 0 0 0 0 0 2 27 0 11 1 0 4 1 4 0 0 0 9 0 0 0 4 0 0 0
test7 0 1 10 0 2 0 0 0 0 2 0 0 0 0 0 0 0 1 10 0 10 0 0 1 0 1 0 0 0 3 0 0 0 2 0 0 0
sizeof 0 1 9 0 1 0 0 0 0 1 0 0 0 0 0 0 0 1 9 0 9 0 0 1 0 1 0 0 0 2 0 0 0 1 0 0 0
simplebufferConstraintTests/sizeof 1 1 6.5 0 2 0 0 0 0 1 0 0 0 0 0 0 0 1 13 0 12 0 0 2 0 2 0 0 0 5 0 0 0 1 0 0 0
sizeoftest/sizeof 0 1 9 0 1 0 0 0 0 1 0 0 0 0 0 0 0 1 9 0 9 0 0 1 0 1 0 0 0 2 0 0 0 1 0 0 0
tests2.2a/sizeof 0 1 4 0 1 0 0 0 0 0 0 0 0 0 0 0 0 1 4 0 4 0 0 1 0 1 0 0 0 1 0 0 0 0 0 0 0
sizeofConst 0 2 11 0 1 0 0 0 0 1 0 0 0 0 0 0 0 1 11 0 11 0 0 1 0 1 0 0 0 2 0 0 0 1 0 0 0
sizesigns 0 2 7 0 1 0 0 0 0 1 0 0 0 0 0 0 0 1 7 0 7 0 0 1 0 1 0 0 0 2 0 0 0 1 0 0 0
slovaknames 0 1 4.4 0 1 0 0 0 0 1 0 0 0 0 0 0 0 5 22 0 6 3 0 5 3 5 0 0 0 6 0 0 0 5 0 0 0
specclauses 0 1.75 9.75 0 1.5 0 0 0 0 4 0 0 0 0 0 0 0 1 39 0 28 4 0 4 4 4 0 0 0 14 0 0 0 4 0 0 0
specclauses2 0 1 4.66666666666667 0 1.41666666666667 0 0 0 0 2 0 0 0 0 0 0 0 12 56 0 5 5 0 12 5 12 0 0 0 23 0 0 0 24 0 0 0
specclauses3 0 1 9.2 0 1 0 0 0 0 3 0 0 0 0 0 0 0 5 46 0 12 4 0 5 4 5 0 0 0 13 0 0 0 15 0 0 0
specclauses4 0 1 7.75 0 1 0 0 0 0 3 0 0 0 0 0 0 0 3 31 0 15 4 0 4 4 4 0 0 0 9 0 0 0 9 0 0 0
specclauses5 0 1 7.6 0 1 0 0 0 0 3 0 0 0 0 0 0 0 2 38 0 11 4 0 5 4 5 0 0 0 16 0 0 0 6 0 0 0
specclauses6 0 1 8.25 0 1 0 0 0 0 3 0 0 0 0 0 0 0 3 33 0 16 4 0 4 4 4 0 0 0 9 0 0 0 9 0 0 0
special 1 1 41 0 1 0 0 0 0 5 0 0 0 0 0 0 0 1 41 0 41 3 0 1 3 1 0 0 0 14 0 0 0 5 0 0 0
manual/special 0 1 6.4 0 1.2 0 0 0 0 3 0 0 0 0 0 0 0 2 32 0 9 4 0 5 4 5 0 0 0 16 0 0 0 6 0 0 0
stack 1 2 16.5 0 1 0 0 0 0 2 0 0 0 0 0 0 0 2 33 0 25 1 0 2 1 2 0 0 0 5 0 0 0 4 0 0 0
manual/stack 0 1 10 0 1 0 0 0 0 2 0 0 0 0 0 0 0 1 10 0 10 1 0 1 1 1 0 0 0 3 0 0 0 2 0 0 0
staticarray 0 1 5.5 0 1 0 0 0 0 1 0 0 0 0 0 0 0 4 22 0 7 0 0 4 0 4 0 0 0 6 0 0 0 4 0 0 0
strchr 0 1.5 7.5 0 1 0 0 0 0 3 0 0 0 0 0 0 0 2 15 0 10 0 0 2 0 2 0 0 0 6 0 0 0 6 0 0 0
stringliteral 51 0 0 0 0 0 0 0 0 0 0 0 0 0 0 0 0 0 0 0 0 6 0 0 6 0 0 0 0 0 0 0 0 0 0 0 0
strings 0 1 4.75 0 1 0 0 0 0 0 0 0 0 0 0 0 0 1 19 0 6 0 0 4 0 4 0 0 0 7 0 0 0 0 0 0 0
structassign 0 1 8 0 1 0 0 0 0 4 0 0 0 0 0 0 0 4 32 0 16 4 0 4 4 4 0 0 0 10 0 0 0 16 0 0 0
test 0 1 4 0 1 0 0 0 0 0 0 0 0 0 0 0 0 1 4 0 4 1 0 1 1 1 0 0 0 1 0 0 0 0 0 0 0
switch 0 3.5 10.5 0 1 0 0 0 0 0 0 0 0 0 0 0 0 6 63 0 19 0 0 6 0 6 0 0 0 6 0 0 0 0 0 0 0
manual/switch 0 5 11 0 1 0 0 0 0 2 0 0 0 0 0 0 0 1 11 0 11 0 0 1 0 1 0 0 0 3 0 0 0 2 0 0 0
t1 0 1 5 0 1 0 0 0 0 1 0 0 0 0 0 0 0 1 5 0 5 0 0 1 0 1 0 0 0 2 0 0 0 1 0 0 0
tainted/t1 0 1 2.5 0 1 0 0 0 0 1 0 0 0 0 0 0 0 1 5 0 4 0 0 2 0 2 0 0 0 4 0 0 0 1 0 0 0
sprintf 4 1 17 0 3 0 0 0 0 4 0 0 0 0 0 0 0 1 17 0 17 0 0 1 0 1 0 0 0 7 0 0 0 4 0 0 0
tainted 0 1 6.33333333333333 0 1.33333333333333 0 0 0 0 3 0 0 0 0 0 0 0 2 19 0 13 0 0 3 0 3 0 0 0 8 0 0 0 6 0 0 0
tainted2 0 2 19 0 2 0 0 0 0 1 0 0 0 0 0 0 0 1 19 0 19 0 0 1 0 1 0 0 0 5 0 0 0 1 0 0 0
tainted3 0 1 2.33333333333333 0 1 0 0 0 0 0 0 0 0 0 0 0 0 1 7 0 5 0 0 3 0 3 0 0 0 5 0 0 0 0 0 0 0
tainted4 0 1 2.33333333333333 0 1 0 0 0 0 0 0 0 0 0 0 0 0 1 7 0 5 0 0 3 0 3 0 0 0 5 0 0 0 0 0 0 0
tainted5 0 1 3 0 1 0 0 0 0 0 0 0 0 0 0 0 0 1 12 0 5 0 0 4 0 4 0 0 0 8 0 0 0 0 0 0 0
taintedimplicit 0 1 5.33333333333333 0 1 0 0 0 0 2 0 0 0 0 0 0 0 1 16 0 8 0 0 3 0 3 0 0 0 9 0 0 0 2 0 0 0
taintedmerge 0 1 17 0 1 0 0 0 0 3 0 0 0 0 0 0 0 1 17 0 17 0 0 1 0 1 0 0 0 4 0 0 0 3 0 0 0
taintedx 0 1 2.33333333333333 0 1 0 0 0 0 0 0 0 0 0 0 0 0 2 14 0 5 0 0 6 0 6 0 0 0 10 0 0 0 0 0 0 0
gt 0 1 4 0 1 0 0 0 0 0 0 0 0 0 0 0 0 1 4 0 4 1 0 1 1 1 0 0 0 2 0 0 0 0 0 0 0
tclauses/struct 0 0 0 0 0 0 0 0 0 0 0 0 0 0 0 0 0 0 0 0 0 0 0 0 0 0 0 0 0 0 0 0 0 0 0 0 0
tests2.2/struct 0 1 4.5 0 1 0 0 0 0 1 0 0 0 0 0 0 0 1 9 0 8 2 0 2 2 2 0 0 0 4 0 0 0 1 0 0 0
metastate/struct 0 1 5 0 1 0 0 0 0 1 0 0 0 0 0 0 0 1 5 0 5 1 0 1 1 1 0 0 0 2 0 0 0 1 0 0 0
undef 1 1 5 0 1 0 0 0 0 0 0 0 0 0 0 0 0 1 5 0 5 2 0 1 2 1 0 0 0 3 0 0 0 0 0 0 0
tainted/test 0 1 8 0 1 0 0 0 0 3 0 0 0 0 0 0 0 1 8 0 8 0 0 1 0 1 0 0 0 5 0 0 0 3 0 0 0
metastate/test 0 1 4 0 1 0 0 0 0 1 0 0 0 0 0 0 0 1 12 0 10 0 0 3 0 3 0 0 0 6 0 0 0 1 0 0 0
suppressfile/test 0 0 0 0 0 0 0 0 0 0 0 0 0 0 0 0 0 0 0 0 0 1 0 0 1 0 0 0 0 0 0 0 0 0 0 0 0
arbints 0 4 30 0 3 0 0 0 0 3 0 0 0 0 0 0 0 1 30 0 30 3 0 1 3 1 0 0 0 4 0 0 0 3 0 0 0
arrayfcn 13 1 2.5 0 1 0 0 0 0 2 0 0 0 0 0 0 0 1 5 0 4 0 0 2 0 2 0 0 0 5 0 0 0 2 0 0 0
boolenum 0 2 10 0 1 0 0 0 0 1 0 0 0 0 0 0 0 1 10 0 10 0 0 1 0 1 0 0 0 2 0 0 0 1 0 0 0
/boolenum 0 0 0 0 0 0 0 0 0 0 0 0 0 0 0 0 0 0 0 0 0 0 0 0 0 0 0 0 0 0 0 0 0 0 0 0 0
boolops 0 2 16 0 1 0 0 0 0 1 0 0 0 0 0 0 0 1 16 0 16 0 0 1 0 1 0 0 0 2 0 0 0 1 0 0 0
bstring 75 0 0 0 0 0 0 0 0 0 0 0 0 0 0 0 0 0 0 0 0 4 0 0 4 0 0 0 0 0 0 0 0 0 0 0 0
enumbool 0 2 11 0 1 0 0 0 0 1 0 0 0 0 0 0 0 1 11 0 11 0 0 1 0 1 0 0 0 2 0 0 0 1 0 0 0
libraries 0 0 0 0 0 0 0 0 0 0 0 0 0 0 0 0 0 0 0 0 0 1 0 0 1 0 0 0 0 0 0 0 0 0 0 0 0
mbool 0 0 0 0 0 0 0 0 0 0 0 0 0 0 0 0 0 0 0 0 0 0 0 0 0 0 0 0 0 0 0 0 0 0 0 0 0
modarray 0 2 11 0 1 0 0 0 0 1 0 0 0 0 0 0 0 1 11 0 11 0 0 1 0 1 0 0 0 3 0 0 0 1 0 0 0
nestext 0 1 6 0 1 0 0 0 0 0 0 0 0 0 0 0 0 1 6 0 6 0 0 1 0 1 0 0 0 1 0 0 0 0 0 0 0
tests2.2/offsetof 0 1 2.33333333333333 0 2 0 0 0 0 0 0 0 0 0 0 0 0 1 7 0 5 2 0 3 2 3 0 0 0 5 0 0 0 0 0 0 0
tests2.4/offsetof 1 1 10 0 1 0 0 0 0 1 0 0 0 0 0 0 0 1 10 0 10 7 0 1 7 1 0 0 0 4 0 0 0 1 0 0 0
realloc 0 1 6 0 1 0 0 0 0 1 0 0 0 0 0 0 0 1 6 0 6 0 0 1 0 1 0 0 0 2 0 0 0 1 0 0 0
rex 0 1 4.66666666666667 0 1.33333333333333 0 0 0 0 0 0 0 0 0 0 0 0 2 14 0 8 3 0 3 3 3 0 0 0 4 0 0 0 0 0 0 0
sizeofarray 0 2 11 0 1 0 0 0 0 1 0 0 0 0 0 0 0 1 11 0 11 0 0 1 0 1 0 0 0 2 0 0 0 1 0 0 0
addassign 6 2 11 0 1 0 0 0 0 2 0 0 0 0 0 0 0 1 11 0 11 0 0 1 0 1 0 0 0 3 0 0 0 2 0 0 0
arrayparam 0 1 4 0 1 0 0 0 0 0 0 0 0 0 0 0 0 6 24 0 4 0 0 6 0 6 0 0 0 6 0 0 0 0 0 0 0
bitops 0 1 18 0 4 0 0 0 0 2 0 0 0 0 0 0 0 1 18 0 18 0 0 1 0 1 0 0 0 3 0 0 0 2 0 0 0
boolcomp 0 4 18 0 2 0 0 0 0 2 0 0 0 0 0 0 0 1 18 0 18 0 0 1 0 1 0 0 0 3 0 0 0 2 0 0 0
dobb 0 0 0 0 0 0 0 0 0 0 0 0 0 0 0 0 0 0 0 0 0 0 0 0 0 0 0 0 0 0 0 0 0 0 0 0 0
duff 5 10 16 0 3 0 0 0 0 1 0 0 0 0 0 0 0 1 16 0 16 0 0 1 0 1 0 0 0 2 0 0 0 1 0 0 0
erik 0 1 9 0 1 0 0 0 0 1 0 0 0 0 0 0 0 1 9 0 9 0 0 1 0 1 0 0 0 2 0 0 0 1 0 0 0
floatdouble 0 1 9 0 2 0 0 0 0 0 0 0 0 0 0 0 0 1 9 0 9 0 0 1 0 1 0 0 0 1 0 0 0 0 0 0 0
florian 0 1 5 0 1 0 0 0 0 0 0 0 0 0 0 0 0 1 5 0 5 0 0 1 0 1 0 0 0 1 0 0 0 0 0 0 0
fred 0 1 3.5 0 1 0 0 0 0 0 0 0 0 0 0 0 0 1 7 0 6 0 0 2 0 2 0 0 0 3 0 0 0 0 0 0 0
isalpha 0 1 4 0 1 0 0 0 0 2 0 0 0 0 0 0 0 1 4 0 4 0 0 1 0 1 0 0 0 3 0 0 0 2 0 0 0
notreached 0 2 9 0 1 0 0 0 0 0 0 0 0 0 0 0 0 1 9 0 9 0 0 1 0 1 0 0 0 1 0 0 0 0 0 0 0
obviousloop 0 4 18.25 0 1 0 0 0 0 1 0 0 0 0 0 0 0 4 73 0 23 0 0 4 0 4 0 0 0 5 0 0 0 4 0 0 0
popik 0 0 0 0 0 0 0 0 0 0 0 0 0 0 0 0 0 0 0 0 0 3 0 0 3 0 0 0 0 0 0 0 0 0 0 0 0
toralf 0 1 7.66666666666667 0 1 0 0 0 0 0 0 0 0 0 0 0 0 1 23 0 10 0 0 3 0 3 0 0 0 5 0 0 0 0 0 0 0
alignof 0 1 6 0 1 0 0 0 0 1 0 0 0 0 0 0 0 1 6 0 6 0 0 1 0 1 0 0 0 2 0 0 0 1 0 0 0
array 0 1 14.5 0 2 0 0 0 0 5 0 0 0 0 0 0 0 1 29 0 17 0 0 2 0 2 0 0 0 12 0 0 0 5 0 0 0
bitfields 0 0 0 0 0 0 0 0 0 0 0 0 0 0 0 0 0 0 0 0 0 2 0 0 2 0 0 0 0 0 0 0 0 0 0 0 0
bug1 0 4 16 0 1 0 0 0 0 2 0 0 0 0 0 0 0 1 16 0 16 0 0 1 0 1 0 0 0 3 0 0 0 2 0 0 0
bug2 0 5 20 0 1 0 0 0 0 2 0 0 0 0 0 0 0 1 20 0 20 0 0 1 0 1 0 0 0 3 0 0 0 2 0 0 0
bug3 0 3 13 0 1 0 0 0 0 2 0 0 0 0 0 0 0 1 13 0 13 0 0 1 0 1 0 0 0 4 0 0 0 2 0 0 0
chin 0 2 36 0 2 0 0 0 0 3 0 0 0 0 0 0 0 1 36 0 36 0 0 1 0 1 0 0 0 4 0 0 0 3 0 0 0
cpptest 0 1 5 0 1 0 0 0 0 1 0 0 0 0 0 0 0 1 5 0 5 0 0 1 0 1 0 0 0 2 0 0 0 1 0 0 0
driverstub 0 1 5.36571428571429 0 2.04571428571429 0 0 0 0 0 0 0 0 0 0 0 0 175 939 0 765 239 0 175 239 175 0 0 0 175 0 0 0 0 0 0 0
duffs 0 10 16 0 3 0 0 0 0 1 0 0 0 0 0 0 0 1 16 0 16 0 0 1 0 1 0 0 0 2 0 0 0 1 0 0 0
emptycase 0 2 9 0 1 0 0 0 0 0 0 0 0 0 0 0 0 1 9 0 9 0 0 1 0 1 0 0 0 1 0 0 0 0 0 0 0
enumtest 0 1.5 4 0 1 0 0 0 0 0 0 0 0 0 0 0 0 2 8 0 7 1 0 2 1 2 0 0 0 2 0 0 0 0 0 0 0
error 0 0 0 0 0 0 0 0 0 0 0 0 0 0 0 0 0 0 0 0 0 1 0 0 1 0 0 0 0 0 0 0 0 0 0 0 0
fink 0 0 0 0 0 0 0 0 0 0 0 0 0 0 0 0 0 0 0 0 0 2 0 0 2 0 0 0 0 0 0 0 0 0 0 0 0
flagequal 0 1 6 0 1 0 0 0 0 1 0 0 0 0 0 0 0 1 6 0 6 0 0 1 0 1 0 0 0 3 0 0 0 1 0 0 0
forward 0 0 0 0 0 0 0 0 0 0 0 0 0 0 0 0 0 0 0 0 0 0 0 0 0 0 0 0 0 0 0 0 0 0 0 0 0
hash 0 2.2 10.9333333333333 0 1.73333333333333 0 0 0 0 9 0 0 0 0 0 0 0 1 164 0 26 8 0 15 8 15 0 0 0 73 0 0 0 9 0 0 0
hexconstants 0 1 6 0 1 0 0 0 0 0 0 0 0 0 0 0 0 1 6 0 6 0 0 1 0 1 0 0 0 1 0 0 0 0 0 0 0
komazi 0 2 5 0 1 0 0 0 0 0 0 0 0 0 0 0 0 1 5 0 5 0 0 1 0 1 0 0 0 1 0 0 0 0 0 0 0
longlong 0 1 13 0 3 0 0 0 0 1 0 0 0 0 0 0 0 1 13 0 13 0 0 1 0 1 0 0 0 2 0 0 0 1 0 0 0
main 0 1 7 0 1 0 0 0 0 3 0 0 0 0 0 0 0 1 7 0 7 0 0 1 0 1 0 0 0 4 0 0 0 3 0 0 0
subdir/main 0 0 0 0 0 0 0 0 0 0 0 0 0 0 0 0 0 0 0 0 0 1 0 0 1 0 0 0 0 0 0 0 0 0 0 0 0
nothing 0 1 3.5 0 0.5 0 0 0 0 0 0 0 0 0 0 0 0 1 7 0 6 0 0 2 0 2 0 0 0 3 0 0 0 0 0 0 0
print 0 1 7 0 1 0 0 0 0 2 0 0 0 0 0 0 0 1 7 0 7 0 0 1 0 1 0 0 0 3 0 0 0 2 0 0 0
ric 0 1.5 3.5 0 1 0 0 0 0 2 0 0 0 0 0 0 0 2 7 0 6 0 0 2 0 2 0 0 0 5 0 0 0 4 0 0 0
syslog 0 1 3 0 1 0 0 0 0 1 0 0 0 0 0 0 0 1 3 0 3 0 0 1 0 1 0 0 0 2 0 0 0 1 0 0 0
test0 0 11 37 0 3 0 0 0 0 2 0 0 0 0 0 0 0 1 37 0 37 0 0 1 0 1 0 0 0 4 0 0 0 2 0 0 0
tests2.4/test1 0 11 37 0 3 0 0 0 0 2 0 0 0 0 0 0 0 1 37 0 37 0 0 1 0 1 0 0 0 4 0 0 0 2 0 0 0
nullterminatedtest/test1 0 1 6.5 0 1 0 0 0 0 1 0 0 0 0 0 0 0 1 13 0 12 0 0 2 0 2 0 0 0 4 0 0 0 1 0 0 0
test2 0 11 35 0 3 0 0 0 0 2 0 0 0 0 0 0 0 1 35 0 35 0 0 1 0 1 0 0 0 4 0 0 0 2 0 0 0
timecard 9 1 40.0434782608696 0 2.52173913043478 0 0 0 0 14 0 0 0 0 0 0 0 2 921 0 390 11 0 23 11 23 0 0 0 225 0 0 0 28 0 0 0
toothman 0 8.27272727272727 49.9090909090909 0 2.54545454545455 0 0 0 0 15 0 0 0 0 0 0 0 1 1098 0 390 0 0 22 0 22 0 0 0 224 0 0 0 15 0 0 0
ulrich 0 1 12 0 2 0 0 0 0 1 0 0 0 0 0 0 0 1 12 0 12 0 0 1 0 1 0 0 0 2 0 0 0 1 0 0 0
baz 0 0 0 0 0 0 0 0 0 0 0 0 0 0 0 0 0 0 0 0 0 12 0 0 12 0 0 0 0 0 0 0 0 0 0 0 0
boolbad 0 1 6 0 1 0 0 0 0 0 0 0 0 0 0 0 0 1 12 0 8 0 0 2 0 2 0 0 0 3 0 0 0 0 0 0 0
boolt 0 1 7 0 1 0 0 0 0 1 0 0 0 0 0 0 0 1 7 0 7 0 0 1 0 1 0 0 0 2 0 0 0 1 0 0 0
booltest 0 2 7 0 2 0 0 0 0 2 0 0 0 0 0 0 0 1 7 0 7 0 0 1 0 1 0 0 0 3 0 0 0 2 0 0 0
dummyfile 0 1 1 0 2 0 0 0 0 0 0 0 0 0 0 0 0 3 3 0 1 0 0 3 0 3 0 0 0 3 0 0 0 0 0 0 0
hoof 0 1.66666666666667 8.33333333333333 0 1.33333333333333 0 0 0 0 2 0 0 0 0 0 0 0 1 25 0 14 0 0 3 0 3 0 0 0 10 0 0 0 2 0 0 0
immutable 1 1 4 0 1 0 0 0 0 0 0 0 0 0 0 0 0 2 8 0 7 1 0 2 1 2 0 0 0 3 0 0 0 0 0 0 0
impabsmodule 0 2 9 0 1 0 0 0 0 0 0 0 0 0 0 0 0 1 9 0 9 0 0 1 0 1 0 0 0 1 0 0 0 0 0 0 0
literals 0 1 9 0 1 0 0 0 0 2 0 0 0 0 0 0 0 1 9 0 9 0 0 1 0 1 0 0 0 3 0 0 0 2 0 0 0
quals 0 2 11 0 1.5 0 0 0 0 2 0 0 0 0 0 0 0 1 22 0 12 0 0 2 0 2 0 0 0 8 0 0 0 2 0 0 0
socket 1 1 1 0 1 0 0 0 0 0 0 0 0 0 0 0 0 1 1 0 1 22 0 1 22 1 0 0 0 1 0 0 0 0 0 0 0
testalt 0 1 1 0 1 0 0 0 0 0 0 0 0 0 0 0 0 2 2 0 1 0 0 2 0 2 0 0 0 2 0 0 0 0 0 0 0
testimmutable 0 1 5 0 1 0 0 0 0 1 0 0 0 0 0 0 0 1 5 0 5 0 0 1 0 1 0 0 0 3 0 0 0 1 0 0 0
uconstants 0 1 5 0 1 0 0 0 0 1 0 0 0 0 0 0 0 1 5 0 5 0 0 1 0 1 0 0 0 2 0 0 0 1 0 0 0
ull 0 1 5 0 1 0 0 0 0 0 0 0 0 0 0 0 0 1 5 0 5 0 0 1 0 1 0 0 0 1 0 0 0 0 0 0 0
tq 0 0 0 0 0 0 0 0 0 0 0 0 0 0 0 0 0 0 0 0 0 0 0 0 0 0 0 0 0 0 0 0 0 0 0 0 0
typeof 0 1 12 0 2 0 0 0 0 3 0 0 0 0 0 0 0 1 12 0 12 0 0 1 0 1 0 0 0 5 0 0 0 3 0 0 0
typequals 0 1 8 0 4 0 0 0 0 0 0 0 0 0 0 0 0 1 8 0 8 0 0 1 0 1 0 0 0 1 0 0 0 0 0 0 0
ud 34 1 64 0 2 0 0 0 0 0 0 0 0 0 0 0 0 1 64 0 64 1 0 1 1 1 0 0 0 1 0 0 0 0 0 0 0
ud2 80 1 11.5 0 1 0 0 0 0 0 0 0 0 0 0 0 0 2 23 0 12 0 0 2 0 2 0 0 0 2 0 0 0 0 0 0 0
ullint 0 2 28 0 2 0 0 0 0 3 0 0 0 0 0 0 0 1 28 0 28 2 0 1 2 1 0 0 0 4 0 0 0 3 0 0 0
ulstypes 10 1 12 0 1 0 0 0 0 1 0 0 0 0 0 0 0 1 12 0 12 10 0 1 10 1 0 0 0 4 0 0 0 1 0 0 0
union 2 1 5.90909090909091 0 1 0 0 0 0 3 0 0 0 0 0 0 0 4 65 0 9 11 0 11 11 11 0 0 0 33 0 0 0 12 0 0 0
unioninit 0 0 0 0 0 0 0 0 0 0 0 0 0 0 0 0 0 0 0 0 0 7 0 0 7 0 0 0 0 0 0 0 0 0 0 0 0
unnamedsu 0 1 4 0 1 0 0 0 0 0 0 0 0 0 0 0 0 1 4 0 4 8 0 1 8 1 0 0 0 1 0 0 0 0 0 0 0
unreachable 0 3.33333333333333 14.6666666666667 0 1 0 0 0 0 2 0 0 0 0 0 0 0 2 44 0 20 0 0 3 0 3 0 0 0 7 0 0 0 4 0 0 0
unsignedcompare 0 3 16 0 3 0 0 0 0 2 0 0 0 0 0 0 0 1 16 0 16 0 0 1 0 1 0 0 0 3 0 0 0 2 0 0 0
unused 0 1 3 0 1.33333333333333 0 0 0 0 0 0 0 0 0 0 0 0 1 9 0 4 11 0 3 11 3 0 0 0 5 0 0 0 0 0 0 0
utypes 0 1 4 0 1 0 0 0 0 0 0 0 0 0 0 0 0 1 4 0 4 0 0 1 0 1 0 0 0 1 0 0 0 0 0 0 0
void 0 1 5 0 1 0 0 0 0 0 0 0 0 0 0 0 0 1 5 0 5 0 0 1 0 1 0 0 0 1 0 0 0 0 0 0 0
warnflags 0 1 6.5 0 0.5 0 0 0 0 24 0 0 0 0 0 0 0 1 13 0 9 0 0 2 0 2 0 0 0 43 0 0 0 24 0 0 0
warngets 0 1 4 0 1 0 0 0 0 1 0 0 0 0 0 0 0 1 4 0 4 0 0 1 0 1 0 0 0 2 0 0 0 1 0 0 0
warnuse 0 1 9 0 0.75 0 0 0 0 14 0 0 0 0 0 0 0 1 36 0 12 0 0 4 0 4 0 0 0 38 0 0 0 14 0 0 0
widestrings 0 1 11 0 1 0 0 0 0 1 0 0 0 0 0 0 0 1 11 0 11 0 0 1 0 1 0 0 0 3 0 0 0 1 0 0 0
