acc accm amloc an anpm asom auv bd bf cbo da dbz df dit dnp dupv fgbo lcom4 loc mlk mmloc noa noc nom npa npm obaa osf pitfc rfc rogu rsva saigv sc ua uaf uav
data 0 1 5 0 0 0 0 0 0 0 0 0 0 0 0 0 0 1 5 0 5 0 0 1 0 1 0 0 0 1 0 0 0 0 0 0 0
C-_Alignof 0 1 1 0 1 0 0 0 0 0 0 0 0 0 0 0 0 1 1 0 1 0 0 1 0 1 0 0 0 1 0 0 0 0 0 0 0
C-_Atomic-1 0 0 0 0 0 0 0 0 0 0 0 0 0 0 0 0 0 0 0 0 0 1 0 0 1 0 0 0 0 0 0 0 0 0 0 0 0
C-_Atomic-2 10 0 0 0 0 0 0 0 0 0 0 0 0 0 0 0 0 0 0 0 0 1 0 0 1 0 0 0 0 0 0 0 0 0 0 0 0
C-_Generic 0 1 1 0 4 0 0 0 0 0 0 0 0 0 0 0 0 1 1 0 1 0 0 1 0 1 0 0 0 1 0 0 0 0 0 0 0
C-_Noreturn 0 1 1 0 2 0 0 0 0 0 0 0 0 0 0 0 0 1 1 0 1 0 0 1 0 1 0 0 0 1 0 0 0 0 0 0 0
C-_Static_assert 0 1 1 0 3 0 0 0 0 0 0 0 0 0 0 0 0 1 1 0 1 0 0 1 0 1 0 0 0 1 0 0 0 0 0 0 0
C-_Thread_local 0 0 0 0 0 0 0 0 0 0 0 0 0 0 0 0 0 0 0 0 0 1 0 0 1 0 0 0 0 0 0 0 0 0 0 0 0
C-array-access 2 0 0 0 0 0 0 0 0 0 0 0 0 0 0 0 0 0 0 0 0 2 0 0 2 0 0 0 0 0 0 0 0 0 0 0 0
C-array-declaration-1 0 0 0 0 0 0 0 0 0 0 0 0 0 0 0 0 0 0 0 0 0 1 0 0 1 0 0 0 0 0 0 0 0 0 0 0 0
C-array-declaration-2 0 0 0 0 0 0 0 0 0 0 0 0 0 0 0 0 0 0 0 0 0 1 0 0 1 0 0 0 0 0 0 0 0 0 0 0 0
C-array-declaration-3 0 0 0 0 0 0 0 0 0 0 0 0 0 0 0 0 0 0 0 0 0 3 0 0 3 0 0 0 0 0 0 0 0 0 0 0 0
'@6' 0 0 0 0 0 0 0 0 0 0 0 0 0 0 0 0 0 0 0 0 0 2 0 0 2 0 0 0 0 0 0 0 0 0 0 0 0
C-array-declaration-4 61 0 0 0 0 0 0 0 0 0 0 0 0 0 0 0 0 0 0 0 0 1 0 0 1 0 0 0 0 0 0 0 0 0 0 0 0
C-array-initialization-1 0 0 0 0 0 0 0 0 0 0 0 0 0 0 0 0 0 0 0 0 0 1 0 0 1 0 0 0 0 0 0 0 0 0 0 0 0
C-array-initialization-2 0 0 0 0 0 0 0 0 0 0 0 0 0 0 0 0 0 0 0 0 0 1 0 0 1 0 0 0 0 0 0 0 0 0 0 0 0
C-auto 0 0 0 0 0 0 0 0 0 0 0 0 0 0 0 0 0 0 0 0 0 1 0 0 1 0 0 0 0 0 0 0 0 0 0 0 0
C-bitfields 21 0 0 0 0 0 0 0 0 0 0 0 0 0 0 0 0 0 0 0 0 1 0 0 1 0 0 0 0 0 0 0 0 0 0 0 0
mybitfields 0 0 0 0 0 0 0 0 0 0 0 0 0 0 0 0 0 0 0 0 0 3 0 0 3 0 0 0 0 0 0 0 0 0 0 0 0
C-break 21 3 8 0 1 0 0 0 0 0 0 0 0 0 0 0 0 1 8 0 8 1 0 1 1 1 0 0 0 2 0 0 0 0 0 0 0
C-c-style-cast 122 0 0 0 0 0 0 0 0 0 0 0 0 0 0 0 0 0 0 0 0 2 0 0 2 0 0 0 0 0 0 0 0 0 0 0 0
C-call 0 0 0 0 0 0 0 0 0 0 0 0 0 0 0 0 0 0 0 0 0 1 0 0 1 0 0 0 0 0 0 0 0 0 0 0 0
C-compound-block 0 0 0 0 0 0 0 0 0 0 0 0 0 0 0 0 0 0 0 0 0 2 0 0 2 0 0 0 0 0 0 0 0 0 0 0 0
C-const-variable-1 0 0 0 0 0 0 0 0 0 0 0 0 0 0 0 0 0 0 0 0 0 2 0 0 2 0 0 0 0 0 0 0 0 0 0 0 0
C-const-variable-2 0 0 0 0 0 0 0 0 0 0 0 0 0 0 0 0 0 0 0 0 0 2 0 0 2 0 0 0 0 0 0 0 0 0 0 0 0
C-continue 0 3 8 0 2 0 0 0 0 1 0 0 0 0 0 0 0 1 8 0 8 0 0 1 0 1 0 0 0 2 0 0 0 1 0 0 0
C-cv-ptr-decl-1 1 0 0 0 0 0 0 0 0 0 0 0 0 0 0 0 0 0 0 0 0 1 0 0 1 0 0 0 0 0 0 0 0 0 0 0 0
C-cv-ptr-decl-2 1 0 0 0 0 0 0 0 0 0 0 0 0 0 0 0 0 0 0 0 0 1 0 0 1 0 0 0 0 0 0 0 0 0 0 0 0
C-deref-member-access 0 0 0 0 0 0 0 0 0 0 0 0 0 0 0 0 0 0 0 0 0 1 0 0 1 0 0 0 0 0 0 0 0 0 0 0 0
C-do-while-1 0 1 1 0 2 0 0 0 0 0 0 0 0 0 0 0 0 1 1 0 1 2 0 1 2 1 0 0 0 1 0 0 0 0 0 0 0
C-do-while-2 0 1 1 0 2 0 0 0 0 0 0 0 0 0 0 0 0 1 1 0 1 1 0 1 1 1 0 0 0 1 0 0 0 0 0 0 0
C-enum-declaration-1 0 0 0 0 0 0 0 0 0 0 0 0 0 0 0 0 0 0 0 0 0 0 0 0 0 0 0 0 0 0 0 0 0 0 0 0 0
C-enum-declaration-3 0 0 0 0 0 0 0 0 0 0 0 0 0 0 0 0 0 0 0 0 0 1 0 0 1 0 0 0 0 0 0 0 0 0 0 0 0
C-extern-1 0 0 0 0 0 0 0 0 0 0 0 0 0 0 0 0 0 0 0 0 0 1 0 0 1 0 0 0 0 0 0 0 0 0 0 0 0
C-extern-2 0 0 0 0 0 0 0 0 0 0 0 0 0 0 0 0 0 0 0 0 0 1 0 0 1 0 0 0 0 0 0 0 0 0 0 0 0
C-extern-3 0 1 1 0 0 0 0 0 0 0 0 0 0 0 0 0 0 1 1 0 1 0 0 1 0 1 0 0 0 1 0 0 0 0 0 0 0
C-extern-linkage-1 0 1 1 0 0 0 0 0 0 0 0 0 0 0 0 0 0 1 1 0 1 0 0 1 0 1 0 0 0 1 0 0 0 0 0 0 0
C-extern-linkage-2 0 0 0 0 0 0 0 0 0 0 0 0 0 0 0 0 0 0 0 0 0 1 0 0 1 0 0 0 0 0 0 0 0 0 0 0 0
C-extern-linkage-3 0 0 0 0 0 0 0 0 0 0 0 0 0 0 0 0 0 0 0 0 0 1 0 0 1 0 0 0 0 0 0 0 0 0 0 0 0
C-for-1 0 2 1 0 1 0 0 0 0 0 0 0 0 0 0 0 0 1 1 0 1 0 0 1 0 1 0 0 0 1 0 0 0 0 0 0 0
C-for-2 0 4 11 0 0 0 0 0 0 1 0 0 0 0 0 0 0 1 11 0 11 0 0 1 0 1 0 0 0 2 0 0 0 1 0 0 0
C-function-call 0 1 1 0 3 0 0 0 0 0 0 0 0 0 0 0 0 1 1 0 1 0 0 1 0 1 0 0 0 1 0 0 0 0 0 0 0
C-function-decl-1 0 1 2 0 1.5 0 0 0 0 0 0 0 0 0 0 0 0 2 4 0 4 0 0 2 0 2 0 0 0 2 0 0 0 0 0 0 0
C-function-decl-2 0 1 1 0 1 0 0 0 0 0 0 0 0 0 0 0 0 1 1 0 1 0 0 1 0 1 0 0 0 1 0 0 0 0 0 0 0
C-function-decl-3 0 1 1 0 1 0 0 0 0 0 0 0 0 0 0 0 0 1 1 0 1 0 0 1 0 1 0 0 0 1 0 0 0 0 0 0 0
C-function-decl-4 0 1 1 0 2 0 0 0 0 0 0 0 0 0 0 0 0 1 1 0 1 0 0 1 0 1 0 0 0 1 0 0 0 0 0 0 0
C-function-decl-5 0 1 5 0 3 0 0 0 0 0 0 0 0 0 0 0 0 1 5 0 5 0 0 1 0 1 0 0 0 1 0 0 0 0 0 0 0
C-function-decl 0 1 2.5 0 1.5 0 0 0 0 5 0 0 0 0 0 0 0 2 5 0 4 0 0 2 0 2 0 0 0 14 0 0 0 10 0 0 0
C-function-def-1 0 1 4 0 2 0 0 0 0 0 0 0 0 0 0 0 0 1 4 0 4 0 0 1 0 1 0 0 0 1 0 0 0 0 0 0 0
C-function-def-2 0 1 1 0 1 0 0 0 0 0 0 0 0 0 0 0 0 1 1 0 1 0 0 1 0 1 0 0 0 1 0 0 0 0 0 0 0
C-function-def-3 0 1 1 0 1 0 0 0 0 0 0 0 0 0 0 0 0 1 1 0 1 0 0 1 0 1 0 0 0 1 0 0 0 0 0 0 0
C-function-def-4 0 1 1 0 1 0 0 0 0 0 0 0 0 0 0 0 0 1 1 0 1 0 0 1 0 1 0 0 0 1 0 0 0 0 0 0 0
C-function-def-5 0 1 1 0 2 0 0 0 0 0 0 0 0 0 0 0 0 1 1 0 1 0 0 1 0 1 0 0 0 1 0 0 0 0 0 0 0
C-goto 5 0 0 0 0 0 0 0 0 0 0 0 0 0 0 0 0 0 0 0 0 1 0 0 1 0 0 0 0 0 0 0 0 0 0 0 0
C-if-2 0 2 3 0 2 0 0 0 0 1 0 0 0 0 0 0 0 1 3 0 3 0 0 1 0 1 0 0 0 2 0 0 0 1 0 0 0
C-if-3 0 2 7 0 2 0 0 0 0 1 0 0 0 0 0 0 0 1 7 0 7 0 0 1 0 1 0 0 0 2 0 0 0 1 0 0 0
C-if-5 0 3 5 0 2 0 0 0 0 0 0 0 0 0 0 0 0 1 5 0 5 1 0 1 1 1 0 0 0 2 0 0 0 0 0 0 0
C-if-6 0 3 4 0 2 0 0 0 0 0 0 0 0 0 0 0 0 1 4 0 4 0 0 1 0 1 0 0 0 1 0 0 0 0 0 0 0
C-inline 0 1 1 0 2 0 0 0 0 0 0 0 0 0 0 0 0 1 1 0 1 0 0 1 0 1 0 0 0 1 0 0 0 0 0 0 0
C-member-access 0 0 0 0 0 0 0 0 0 0 0 0 0 0 0 0 0 0 0 0 0 1 0 0 1 0 0 0 0 0 0 0 0 0 0 0 0
C-Operator-addition-assign 0 0 0 0 0 0 0 0 0 0 0 0 0 0 0 0 0 0 0 0 0 1 0 0 1 0 0 0 0 0 0 0 0 0 0 0 0
C-Operator-addition 0 0 0 0 0 0 0 0 0 0 0 0 0 0 0 0 0 0 0 0 0 1 0 0 1 0 0 0 0 0 0 0 0 0 0 0 0
C-Operator-address_of 0 0 0 0 0 0 0 0 0 0 0 0 0 0 0 0 0 0 0 0 0 1 0 0 1 0 0 0 0 0 0 0 0 0 0 0 0
C-Operator-assignment 0 0 0 0 0 0 0 0 0 0 0 0 0 0 0 0 0 0 0 0 0 1 0 0 1 0 0 0 0 0 0 0 0 0 0 0 0
C-Operator-bitwise-and 0 0 0 0 0 0 0 0 0 0 0 0 0 0 0 0 0 0 0 0 0 1 0 0 1 0 0 0 0 0 0 0 0 0 0 0 0
C-Operator-bitwise-not 0 0 0 0 0 0 0 0 0 0 0 0 0 0 0 0 0 0 0 0 0 1 0 0 1 0 0 0 0 0 0 0 0 0 0 0 0
C-Operator-bitwise-or-assign 0 0 0 0 0 0 0 0 0 0 0 0 0 0 0 0 0 0 0 0 0 1 0 0 1 0 0 0 0 0 0 0 0 0 0 0 0
C-Operator-bitwise-or 0 0 0 0 0 0 0 0 0 0 0 0 0 0 0 0 0 0 0 0 0 1 0 0 1 0 0 0 0 0 0 0 0 0 0 0 0
C-Operator-bitwise-xor-assign 0 0 0 0 0 0 0 0 0 0 0 0 0 0 0 0 0 0 0 0 0 1 0 0 1 0 0 0 0 0 0 0 0 0 0 0 0
C-Operator-bitwise-xor 0 0 0 0 0 0 0 0 0 0 0 0 0 0 0 0 0 0 0 0 0 1 0 0 1 0 0 0 0 0 0 0 0 0 0 0 0
C-Operator-comma 0 0 0 0 0 0 0 0 0 0 0 0 0 0 0 0 0 0 0 0 0 2 0 0 2 0 0 0 0 0 0 0 0 0 0 0 0
C-Operator-deref 0 0 0 0 0 0 0 0 0 0 0 0 0 0 0 0 0 0 0 0 0 1 0 0 1 0 0 0 0 0 0 0 0 0 0 0 0
C-Operator-divide-assign 0 0 0 0 0 0 0 0 0 0 0 0 0 0 0 0 0 0 0 0 0 1 0 0 1 0 0 0 0 0 0 0 0 0 0 0 0
C-Operator-divide 0 0 0 0 0 0 0 0 0 0 0 0 0 0 0 0 0 0 0 0 0 1 0 0 1 0 0 0 0 0 0 0 0 0 0 0 0
C-Operator-equal 0 0 0 0 0 0 0 0 0 0 0 0 0 0 0 0 0 0 0 0 0 1 0 0 1 0 0 0 0 0 0 0 0 0 0 0 0
C-Operator-greater-equal 0 0 0 0 0 0 0 0 0 0 0 0 0 0 0 0 0 0 0 0 0 1 0 0 1 0 0 0 0 0 0 0 0 0 0 0 0
C-Operator-greater-then 0 0 0 0 0 0 0 0 0 0 0 0 0 0 0 0 0 0 0 0 0 1 0 0 1 0 0 0 0 0 0 0 0 0 0 0 0
C-Operator-logical-and 0 0 0 0 0 0 0 0 0 0 0 0 0 0 0 0 0 0 0 0 0 1 0 0 1 0 0 0 0 0 0 0 0 0 0 0 0
C-Operator-logical-not 0 0 0 0 0 0 0 0 0 0 0 0 0 0 0 0 0 0 0 0 0 1 0 0 1 0 0 0 0 0 0 0 0 0 0 0 0
C-Operator-logical-or 0 0 0 0 0 0 0 0 0 0 0 0 0 0 0 0 0 0 0 0 0 1 0 0 1 0 0 0 0 0 0 0 0 0 0 0 0
C-Operator-modulus-assign 0 0 0 0 0 0 0 0 0 0 0 0 0 0 0 0 0 0 0 0 0 1 0 0 1 0 0 0 0 0 0 0 0 0 0 0 0
C-Operator-modulus 0 0 0 0 0 0 0 0 0 0 0 0 0 0 0 0 0 0 0 0 0 1 0 0 1 0 0 0 0 0 0 0 0 0 0 0 0
C-Operator-multiplication 37 0 0 0 0 0 0 0 0 0 0 0 0 0 0 0 0 0 0 0 0 1 0 0 1 0 0 0 0 0 0 0 0 0 0 0 0
C-Operator-not-equal 0 0 0 0 0 0 0 0 0 0 0 0 0 0 0 0 0 0 0 0 0 1 0 0 1 0 0 0 0 0 0 0 0 0 0 0 0
C-Operator-post_decrement 0 0 0 0 0 0 0 0 0 0 0 0 0 0 0 0 0 0 0 0 0 1 0 0 1 0 0 0 0 0 0 0 0 0 0 0 0
C-Operator-post_increment 0 0 0 0 0 0 0 0 0 0 0 0 0 0 0 0 0 0 0 0 0 1 0 0 1 0 0 0 0 0 0 0 0 0 0 0 0
C-Operator-pre_decrement 0 0 0 0 0 0 0 0 0 0 0 0 0 0 0 0 0 0 0 0 0 1 0 0 1 0 0 0 0 0 0 0 0 0 0 0 0
C-Operator-pre_increment 0 0 0 0 0 0 0 0 0 0 0 0 0 0 0 0 0 0 0 0 0 1 0 0 1 0 0 0 0 0 0 0 0 0 0 0 0
C-Operator-right-shift-assign 0 0 0 0 0 0 0 0 0 0 0 0 0 0 0 0 0 0 0 0 0 1 0 0 1 0 0 0 0 0 0 0 0 0 0 0 0
C-Operator-right-shift 0 0 0 0 0 0 0 0 0 0 0 0 0 0 0 0 0 0 0 0 0 1 0 0 1 0 0 0 0 0 0 0 0 0 0 0 0
C-Operator-sub-assign 0 0 0 0 0 0 0 0 0 0 0 0 0 0 0 0 0 0 0 0 0 1 0 0 1 0 0 0 0 0 0 0 0 0 0 0 0
C-Operator-subtraction 0 0 0 0 0 0 0 0 0 0 0 0 0 0 0 0 0 0 0 0 0 1 0 0 1 0 0 0 0 0 0 0 0 0 0 0 0
C-Operator-turnary 0 0 0 0 0 0 0 0 0 0 0 0 0 0 0 0 0 0 0 0 0 1 0 0 1 0 0 0 0 0 0 0 0 0 0 0 0
C-Operator-unary-minus 0 0 0 0 0 0 0 0 0 0 0 0 0 0 0 0 0 0 0 0 0 1 0 0 1 0 0 0 0 0 0 0 0 0 0 0 0
C-Operator-unary-plus 0 0 0 0 0 0 0 0 0 0 0 0 0 0 0 0 0 0 0 0 0 1 0 0 1 0 0 0 0 0 0 0 0 0 0 0 0
C-pointer-declaration-1 16 0 0 0 0 0 0 0 0 0 0 0 0 0 0 0 0 0 0 0 0 1 0 0 1 0 0 0 0 0 0 0 0 0 0 0 0
C-pointer-declaration-2 0 0 0 0 0 0 0 0 0 0 0 0 0 0 0 0 0 0 0 0 0 1 0 0 1 0 0 0 0 0 0 0 0 0 0 0 0
C-pointer-declaration-3 0 0 0 0 0 0 0 0 0 0 0 0 0 0 0 0 0 0 0 0 0 1 0 0 1 0 0 0 0 0 0 0 0 0 0 0 0
C-pointer-declaration-4 0 0 0 0 0 0 0 0 0 0 0 0 0 0 0 0 0 0 0 0 0 1 0 0 1 0 0 0 0 0 0 0 0 0 0 0 0
C-pointer-declaration-5 0 0 0 0 0 0 0 0 0 0 0 0 0 0 0 0 0 0 0 0 0 1 0 0 1 0 0 0 0 0 0 0 0 0 0 0 0
C-pointer-declaration-6 0 0 0 0 0 0 0 0 0 0 0 0 0 0 0 0 0 0 0 0 0 1 0 0 1 0 0 0 0 0 0 0 0 0 0 0 0
C-register 0 0 0 0 0 0 0 0 0 0 0 0 0 0 0 0 0 0 0 0 0 2 0 0 2 0 0 0 0 0 0 0 0 0 0 0 0
C-restrict 0 0 0 0 0 0 0 0 0 0 0 0 0 0 0 0 0 0 0 0 0 1 0 0 1 0 0 0 0 0 0 0 0 0 0 0 0
C-return-1 0 1 1 0 1 0 0 0 0 0 0 0 0 0 0 0 0 1 1 0 1 0 0 1 0 1 0 0 0 1 0 0 0 0 0 0 0
C-return-2 0 0 0 0 0 0 0 0 0 0 0 0 0 0 0 0 0 0 0 0 0 1 0 0 1 0 0 0 0 0 0 0 0 0 0 0 0
C-sizeof 0 1 1 0 1 0 0 0 0 0 0 0 0 0 0 0 0 1 1 0 1 0 0 1 0 1 0 0 0 1 0 0 0 0 0 0 0
C-static-1 0 0 0 0 0 0 0 0 0 0 0 0 0 0 0 0 0 0 0 0 0 1 0 0 1 0 0 0 0 0 0 0 0 0 0 0 0
C-static-2 0 1 1 0 0 0 0 0 0 0 0 0 0 0 0 0 0 1 1 0 1 0 0 1 0 1 0 0 0 1 0 0 0 0 0 0 0
a 0 0 0 0 0 0 0 0 0 0 0 0 0 0 0 0 0 0 0 0 0 4 0 0 4 0 0 0 0 0 0 0 0 0 0 0 0
C-struct-declaration-2 0 0 0 0 0 0 0 0 0 0 0 0 0 0 0 0 0 0 0 0 0 3 0 0 3 0 0 0 0 0 0 0 0 0 0 0 0
'@5' 0 0 0 0 0 0 0 0 0 0 0 0 0 0 0 0 0 0 0 0 0 2 0 0 2 0 0 0 0 0 0 0 0 0 0 0 0
C-struct-declaration-4 7 0 0 0 0 0 0 0 0 0 0 0 0 0 0 0 0 0 0 0 0 1 0 0 1 0 0 0 0 0 0 0 0 0 0 0 0
employee 0 0 0 0 0 0 0 0 0 0 0 0 0 0 0 0 0 0 0 0 0 4 0 0 4 0 0 0 0 0 0 0 0 0 0 0 0
C-struct-initialization-1 0 0 0 0 0 0 0 0 0 0 0 0 0 0 0 0 0 0 0 0 0 1 0 0 1 0 0 0 0 0 0 0 0 0 0 0 0
C-struct-initialization-2 0 0 0 0 0 0 0 0 0 0 0 0 0 0 0 0 0 0 0 0 0 1 0 0 1 0 0 0 0 0 0 0 0 0 0 0 0
C-struct-initialization-3 0 0 0 0 0 0 0 0 0 0 0 0 0 0 0 0 0 0 0 0 0 1 0 0 1 0 0 0 0 0 0 0 0 0 0 0 0
C-switch-1 0 3 9 0 1 0 0 0 0 0 0 0 0 0 0 0 0 1 9 0 9 0 0 1 0 1 0 0 0 1 0 0 0 0 0 0 0
C-switch-2 0 4 12 0 1 0 0 0 0 1 0 0 0 0 0 0 0 1 12 0 12 0 0 1 0 1 0 0 0 2 0 0 0 1 0 0 0
C-ternary-operator 0 0 0 0 0 0 0 0 0 0 0 0 0 0 0 0 0 0 0 0 0 1 0 0 1 0 0 0 0 0 0 0 0 0 0 0 0
C-typedef-1 0 0 0 0 0 0 0 0 0 0 0 0 0 0 0 0 0 0 0 0 0 0 0 0 0 0 0 0 0 0 0 0 0 0 0 0 0
C-typedef-2 0 0 0 0 0 0 0 0 0 0 0 0 0 0 0 0 0 0 0 0 0 0 0 0 0 0 0 0 0 0 0 0 0 0 0 0 0
club 0 0 0 0 0 0 0 0 0 0 0 0 0 0 0 0 0 0 0 0 0 3 0 0 3 0 0 0 0 0 0 0 0 0 0 0 0
C-typedef-3 0 0 0 0 0 0 0 0 0 0 0 0 0 0 0 0 0 0 0 0 0 0 0 0 0 0 0 0 0 0 0 0 0 0 0 0 0
C-typedef-4 0 0 0 0 0 0 0 0 0 0 0 0 0 0 0 0 0 0 0 0 0 0 0 0 0 0 0 0 0 0 0 0 0 0 0 0 0
C-union-declaration-1 0 0 0 0 0 0 0 0 0 0 0 0 0 0 0 0 0 0 0 0 0 1 0 0 1 0 0 0 0 0 0 0 0 0 0 0 0
sign 0 0 0 0 0 0 0 0 0 0 0 0 0 0 0 0 0 0 0 0 0 2 0 0 2 0 0 0 0 0 0 0 0 0 0 0 0
C-union-declaration 0 0 0 0 0 0 0 0 0 0 0 0 0 0 0 0 0 0 0 0 0 1 0 0 1 0 0 0 0 0 0 0 0 0 0 0 0
C-variable-declaration-1 0 0 0 0 0 0 0 0 0 0 0 0 0 0 0 0 0 0 0 0 0 1 0 0 1 0 0 0 0 0 0 0 0 0 0 0 0
C-variable-declaration-2 0 0 0 0 0 0 0 0 0 0 0 0 0 0 0 0 0 0 0 0 0 1 0 0 1 0 0 0 0 0 0 0 0 0 0 0 0
C-volatile 0 0 0 0 0 0 0 0 0 0 0 0 0 0 0 0 0 0 0 0 0 1 0 0 1 0 0 0 0 0 0 0 0 0 0 0 0
C-while-1 0 2 5 0 1 0 0 0 0 0 0 0 0 0 0 0 0 1 5 0 5 0 0 1 0 1 0 0 0 1 0 0 0 0 0 0 0
CMarkUpExamples 67 2.85714285714286 3.21428571428571 0 1.71428571428571 0 0 0 0 4 0 0 0 0 0 0 0 10 45 0 26 53 0 14 53 14 0 0 0 30 0 0 0 40 0 0 0
a::b 0 0 0 0 0 0 0 0 0 0 0 0 0 0 0 0 0 0 0 0 0 1 0 0 1 0 0 0 0 0 0 0 0 0 0 0 0
'@8' 0 0 0 0 0 0 0 0 0 0 0 0 0 0 0 0 0 0 0 0 0 2 0 0 2 0 0 0 0 0 0 0 0 0 0 0 0
MY_TYPE 0 0 0 0 0 0 0 0 0 0 0 0 0 0 0 0 0 0 0 0 0 3 0 0 3 0 0 0 0 0 0 0 0 0 0 0 0
'@9' 0 0 0 0 0 0 0 0 0 0 0 0 0 0 0 0 0 0 0 0 0 2 0 0 2 0 0 0 0 0 0 0 0 0 0 0 0
'@9::@12' 0 0 0 0 0 0 0 0 0 0 0 0 0 0 0 0 0 0 0 0 0 2 0 0 2 0 0 0 0 0 0 0 0 0 0 0 0
'@11' 0 0 0 0 0 0 0 0 0 0 0 0 0 0 0 0 0 0 0 0 0 2 0 0 2 0 0 0 0 0 0 0 0 0 0 0 0
list 0 0 0 0 0 0 0 0 0 0 0 0 0 0 0 0 0 0 0 0 0 3 0 0 3 0 0 0 0 0 0 0 0 0 0 0 0
CMarkUpExamples_chopped 2 2 5 0 1.5 0 0 0 0 0 0 0 0 0 0 0 0 2 10 0 9 4 0 2 4 2 0 0 0 2 0 0 0 0 0 0 0
Foo 1 1 1 0 0.222222222222222 0 0 0 0 0 0 0 0 1 0 0 0 7 9 0 1 5 0 9 4 6 0 0 0 11 0 0 0 0 0 0 0
CPP-alignof-1 0 1 1 0 1 0 0 0 0 0 0 0 0 0 0 0 0 1 1 0 1 0 0 1 0 1 0 0 0 1 0 0 0 0 0 0 0
CPP-asm-1 0 1 1 0 2 0 0 0 0 0 0 0 0 0 0 0 0 1 1 0 1 0 0 1 0 1 0 0 0 1 0 0 0 0 0 0 0
CPP-asm-2 0 1 1 0 2 0 0 0 0 0 0 0 0 0 0 0 0 1 1 0 1 0 0 1 0 1 0 0 0 1 0 0 0 0 0 0 0
CPP-auto-1 0 1 1 0 0 0 0 0 0 0 0 0 0 0 0 0 0 1 1 0 1 0 0 1 0 1 0 0 0 1 0 0 0 0 0 0 0
CPP-auto-2 0 0 0 0 0 0 0 0 0 0 0 0 0 0 0 0 0 0 0 0 0 1 0 0 1 0 0 0 0 0 0 0 0 0 0 0 0
CPP-block-init-ctor-syntax-1 0 0 0 0 0 0 0 0 0 0 0 0 0 0 0 0 0 0 0 0 0 1 0 0 1 0 0 0 0 0 0 0 0 0 0 0 0
CPP-catch-2 0 1 3 0 1 0 0 0 0 0 0 0 0 0 0 0 0 1 3 0 3 0 0 1 0 1 0 0 0 1 0 0 0 0 0 0 0
CPP-const-func-1 0 1 1 0 0 0 0 0 0 0 0 0 0 0 0 0 0 1 1 0 1 0 0 1 0 1 0 0 0 1 0 0 0 0 0 0 0
CPP-const_cast-1 0 0 0 0 0 0 0 0 0 0 0 0 0 0 0 0 0 0 0 0 0 1 0 0 1 0 0 0 0 0 0 0 0 0 0 0 0
CPP-constexpr-1 0 0 0 0 0 0 0 0 0 0 0 0 0 0 0 0 0 0 0 0 0 1 0 0 1 0 0 0 0 0 0 0 0 0 0 0 0
CPP-constexpr-2 0 1 1 0 1 0 0 0 0 0 0 0 0 0 0 0 0 1 1 0 1 0 0 1 0 1 0 0 0 1 0 0 0 0 0 0 0
CPP-decltype-1 0 0 0 0 0 0 0 0 0 0 0 0 0 0 0 0 0 0 0 0 0 1 0 0 1 0 0 0 0 0 0 0 0 0 0 0 0
CPP-default-func-args-1 2 1 1 0 2 0 0 0 0 0 0 0 0 0 0 0 0 1 1 0 1 0 0 1 0 1 0 0 0 1 0 0 0 0 0 0 0
CPP-delete-1 0 0 0 0 0 0 0 0 0 0 0 0 0 0 0 0 0 0 0 0 0 1 0 0 1 0 0 0 0 0 0 0 0 0 0 0 0
CPP-delete-2 0 0 0 0 0 0 0 0 0 0 0 0 0 0 0 0 0 0 0 0 0 1 0 0 1 0 0 0 0 0 0 0 0 0 0 0 0
CPP-deleted-func 0 1 1 0 0 0 0 0 0 0 0 0 0 0 0 0 0 1 1 0 1 0 0 1 0 1 0 0 0 1 0 0 0 0 0 0 0
CPP-dynamic_cast-1 0 1 1 0 1 0 0 0 0 0 0 0 0 0 0 0 0 1 1 0 1 0 0 1 0 1 0 0 0 1 0 0 0 0 0 0 0
CPP-enum-class-1 0 0 0 0 0 0 0 0 0 0 0 0 0 0 0 0 0 0 0 0 0 0 0 0 0 0 0 0 0 0 0 0 0 0 0 0 0
CPP-explicit-conv-1 0 1 1 0 0 0 0 0 0 0 0 0 0 0 0 0 0 1 1 0 1 0 0 1 0 1 0 0 0 1 0 0 0 0 0 0 0
CPP-explicit-conv-2 0 1 1 0 0 0 0 0 0 0 0 0 0 0 0 0 0 1 1 0 1 0 0 1 0 1 0 0 0 1 0 0 0 0 0 0 0
CPP-final-1 0 1 1 0 0 0 0 0 0 0 0 0 0 0 0 0 0 1 1 0 1 0 0 1 0 1 0 0 0 1 0 0 0 0 0 0 0
X 0 0 0 0 0 0 0 0 0 0 0 0 0 0 0 0 0 0 0 0 0 0 0 0 0 0 0 0 0 0 0 0 0 0 0 0 0
Matrix 0 0 0 0 0 0 0 0 0 0 0 0 0 0 0 0 0 0 0 0 0 0 0 0 0 0 0 0 0 0 0 0 0 0 0 0 0
S 0 1 3.33333333333333 0 0.333333333333333 0 0 0 0 1 0 0 0 0 0 0 0 3 10 0 6 0 0 3 0 3 0 0 0 4 0 0 0 3 0 0 0
CPP-func-try-catch-2 0 1 5 0 1 0 0 0 0 0 0 0 0 0 0 0 0 1 5 0 5 0 0 1 0 1 0 0 0 1 0 0 0 0 0 0 0
CPP-function-decl-1 0 1 1 0 0 0 0 0 0 0 0 0 0 0 0 0 0 1 1 0 1 0 0 1 0 1 0 0 0 1 0 0 0 0 0 0 0
CPP-implicit-conv-1 0 1 1 0 0 0 0 0 0 0 0 0 0 0 0 0 0 1 1 0 1 0 0 1 0 1 0 0 0 1 0 0 0 0 0 0 0
CPP-implicit-conv-2 0 1 1 0 0 0 0 0 0 0 0 0 0 0 0 0 0 1 1 0 1 0 0 1 0 1 0 0 0 1 0 0 0 0 0 0 0
CPP-lambda-1 0 0 0 0 0 0 0 0 0 0 0 0 0 0 0 0 0 0 0 0 0 1 0 0 1 0 0 0 0 0 0 0 0 0 0 0 0
CPP-lambda-3 31 0 0 0 0 0 0 0 0 0 0 0 0 0 0 0 0 0 0 0 0 1 0 0 1 0 0 0 0 0 0 0 0 0 0 0 0
CPP-lambda-4 0 0 0 0 0 0 0 0 0 0 0 0 0 0 0 0 0 0 0 0 0 1 0 0 1 0 0 0 0 0 0 0 0 0 0 0 0
CPP-lambda-5 0 0 0 0 0 0 0 0 0 0 0 0 0 0 0 0 0 0 0 0 0 1 0 0 1 0 0 0 0 0 0 0 0 0 0 0 0
CPP-lambda-6 0 0 0 0 0 0 0 0 0 0 0 0 0 0 0 0 0 0 0 0 0 1 0 0 1 0 0 0 0 0 0 0 0 0 0 0 0
CPP-lambda-7 0 0 0 0 0 0 0 0 0 0 0 0 0 0 0 0 0 0 0 0 0 1 0 0 1 0 0 0 0 0 0 0 0 0 0 0 0
CPP-mutable-1 0 0 0 0 0 0 0 0 0 0 0 0 0 0 0 0 0 0 0 0 0 1 0 0 1 0 0 0 0 0 0 0 0 0 0 0 0
CPP-new-1 0 1 1 0 0 0 0 0 0 0 0 0 0 0 0 0 0 1 1 0 1 0 0 1 0 1 0 0 0 1 0 0 0 0 0 0 0
CPP-new-2 0 0 0 0 0 0 0 0 0 0 0 0 0 0 0 0 0 0 0 0 0 1 0 0 1 0 0 0 0 0 0 0 0 0 0 0 0
CPP-new-3 0 1 1 0 0 0 0 0 0 0 0 0 0 0 0 0 0 1 1 0 1 0 0 1 0 1 0 0 0 1 0 0 0 0 0 0 0
CPP-new-4 0 1 1 0 1 0 0 0 0 0 0 0 0 0 0 0 0 1 1 0 1 0 0 1 0 1 0 0 0 1 0 0 0 0 0 0 0
CPP-new-5 0 1 1 0 1 0 0 0 0 0 0 0 0 0 0 0 0 1 1 0 1 0 0 1 0 1 0 0 0 1 0 0 0 0 0 0 0
CPP-new-6 0 0 0 0 0 0 0 0 0 0 0 0 0 0 0 0 0 0 0 0 0 1 0 0 1 0 0 0 0 0 0 0 0 0 0 0 0
CPP-noexcept-1 0 1 1 0 1 0 0 0 0 0 0 0 0 0 0 0 0 1 1 0 1 0 0 1 0 1 0 0 0 1 0 0 0 0 0 0 0
CPP-noexcept-2 0 1 1 0 0 0 0 0 0 0 0 0 0 0 0 0 0 1 1 0 1 0 0 1 0 1 0 0 0 1 0 0 0 0 0 0 0
CPP-op-decl-1 0 1 1 0 2 0 0 0 0 0 0 0 0 0 0 0 0 1 1 0 1 0 0 1 0 1 0 0 0 1 0 0 0 0 0 0 0
CPP-op-decl-2 0 1 1 0 1 0 0 0 0 0 0 0 0 0 0 0 0 1 1 0 1 0 0 1 0 1 0 0 0 1 0 0 0 0 0 0 0
CPP-Operator-deref-member-ptr 0 0 0 0 0 0 0 0 0 0 0 0 0 0 0 0 0 0 0 0 0 1 0 0 1 0 0 0 0 0 0 0 0 0 0 0 0
CPP-Operator-member-ptr 10 0 0 0 0 0 0 0 0 0 0 0 0 0 0 0 0 0 0 0 0 1 0 0 1 0 0 0 0 0 0 0 0 0 0 0 0
CPP-override-1 0 1 1 0 0 0 0 0 0 0 0 0 0 0 0 0 0 1 1 0 1 0 0 1 0 1 0 0 0 1 0 0 0 0 0 0 0
CPP-reference-decl-1 0 0 0 0 0 0 0 0 0 0 0 0 0 0 0 0 0 0 0 0 0 1 0 0 1 0 0 0 0 0 0 0 0 0 0 0 0
CPP-reinterpret_cast-1 0 1 1 0 1 0 0 0 0 0 0 0 0 0 0 0 0 1 1 0 1 0 0 1 0 1 0 0 0 1 0 0 0 0 0 0 0
CPP-rvalue-1 0 0 0 0 0 0 0 0 0 0 0 0 0 0 0 0 0 0 0 0 0 1 0 0 1 0 0 0 0 0 0 0 0 0 0 0 0
CPP-sizeof-1 0 1 1 0 1 0 0 0 0 0 0 0 0 0 0 0 0 1 1 0 1 0 0 1 0 1 0 0 0 1 0 0 0 0 0 0 0
CPP-static_cast-1 0 1 1 0 1 0 0 0 0 0 0 0 0 0 0 0 0 1 1 0 1 0 0 1 0 1 0 0 0 1 0 0 0 0 0 0 0
CPP-template-2 3 1 1 0 2 0 0 0 0 0 0 0 0 0 0 0 0 1 1 0 1 0 0 1 0 1 0 0 0 1 0 0 0 0 0 0 0
CPP-template-3 3 0 0 0 0 0 0 0 0 0 0 0 0 0 0 0 0 0 0 0 0 1 0 0 1 0 0 0 0 0 0 0 0 0 0 0 0
'Foo< T, void >' 0 0 0 0 0 0 0 0 0 0 0 0 0 0 0 0 0 0 0 0 0 0 0 0 0 0 0 0 0 0 0 0 0 0 0 0 0
Tuple 0 0 0 0 0 0 0 0 0 0 0 0 0 0 0 0 0 0 0 0 0 0 0 0 0 0 0 0 0 0 0 0 0 0 0 0 0
CPP-template-variable-decl-1 0 0 0 0 0 0 0 0 0 0 0 0 0 0 0 0 0 0 0 0 0 1 0 0 1 0 0 0 0 0 0 0 0 0 0 0 0
CPP-this-1 0 0 0 0 0 0 0 0 0 0 0 0 0 0 0 0 0 0 0 0 0 1 0 0 1 0 0 0 0 0 0 0 0 0 0 0 0
CPP-thread_local-1 0 0 0 0 0 0 0 0 0 0 0 0 0 0 0 0 0 0 0 0 0 1 0 0 1 0 0 0 0 0 0 0 0 0 0 0 0
CPP-throw-1 0 0 0 0 0 0 0 0 0 0 0 0 0 0 0 0 0 0 0 0 0 1 0 0 1 0 0 0 0 0 0 0 0 0 0 0 0
CPP-throw-3 0 1 2 0 0 0 0 0 0 0 0 0 0 0 0 0 0 1 2 0 2 0 0 1 0 1 0 0 0 1 0 0 0 0 0 0 0
CPP-type-alias-1 0 0 0 0 0 0 0 0 0 0 0 0 0 0 0 0 0 0 0 0 0 0 0 0 0 0 0 0 0 0 0 0 0 0 0 0 0
CPP-typeid-1 0 1 1 0 1 0 0 0 0 0 0 0 0 0 0 0 0 1 1 0 1 0 0 1 0 1 0 0 0 1 0 0 0 0 0 0 0
CPP-virtual-1 0 1 1 0 0 0 0 0 0 0 0 0 0 0 0 0 0 1 1 0 1 0 0 1 0 1 0 0 0 1 0 0 0 0 0 0 0
CPreProc-define_undef_1 0 0 0 0 0 0 0 0 0 0 0 0 0 0 0 0 0 0 0 0 0 0 0 0 0 0 0 0 0 0 0 0 0 0 0 0 0
CPreProc-define_undef_2 0 0 0 0 0 0 0 0 0 0 0 0 0 0 0 0 0 0 0 0 0 0 0 0 0 0 0 0 0 0 0 0 0 0 0 0 0
CPreProc-define_undef_3 0 0 0 0 0 0 0 0 0 0 0 0 0 0 0 0 0 0 0 0 0 0 0 0 0 0 0 0 0 0 0 0 0 0 0 0 0
CPreProc-define_undef_4 0 0 0 0 0 0 0 0 0 0 0 0 0 0 0 0 0 0 0 0 0 0 0 0 0 0 0 0 0 0 0 0 0 0 0 0 0
CPreProc-elif_1 0 0 0 0 0 0 0 0 0 0 0 0 0 0 0 0 0 0 0 0 0 0 0 0 0 0 0 0 0 0 0 0 0 0 0 0 0
CPreProc-else_1 0 0 0 0 0 0 0 0 0 0 0 0 0 0 0 0 0 0 0 0 0 0 0 0 0 0 0 0 0 0 0 0 0 0 0 0 0
CPreProc-if 0 0 0 0 0 0 0 0 0 0 0 0 0 0 0 0 0 0 0 0 0 0 0 0 0 0 0 0 0 0 0 0 0 0 0 0 0
CPreProc-ifndef_1 0 0 0 0 0 0 0 0 0 0 0 0 0 0 0 0 0 0 0 0 0 0 0 0 0 0 0 0 0 0 0 0 0 0 0 0 0
MyClass 0 0 0 0 0 0 0 0 0 0 0 0 0 0 0 0 0 0 0 0 0 0 0 0 0 0 0 0 0 0 0 0 0 0 0 0 0
Java-abstract-2 0 1 2 0 0 0 0 0 0 0 0 0 0 0 0 0 0 1 2 0 2 0 0 1 0 0 0 0 0 1 0 0 0 0 0 0 0
ClassPreambleAnnotation 0 1 1 0 0 0 0 0 0 0 0 0 0 0 0 0 0 1 1 0 1 0 0 1 0 1 0 0 0 1 0 0 0 0 0 0 0
Cls 0 0 0 0 0 0 0 0 0 0 0 0 0 0 0 0 0 0 0 0 0 0 0 0 0 0 0 0 0 0 0 0 0 0 0 0 0
Java-anonymous-class-1 0 0 0 0 0 0 0 0 0 0 0 0 0 0 0 0 0 0 0 0 0 1 0 0 0 0 0 0 0 0 0 0 0 0 0 0 0
Java-assert-1 0 0 0 0 0 0 0 0 0 0 0 0 0 0 0 0 0 0 0 0 0 1 0 0 0 0 0 0 0 0 0 0 0 0 0 0 0
Java-bound-generic-1 0 1 2 0 1 0 0 0 0 0 0 0 0 0 0 0 0 1 2 0 2 0 0 1 0 0 0 0 0 1 0 0 0 0 0 0 0
Java-bound-generic-2 0 1 1 0 2 0 0 0 0 0 0 0 0 0 0 0 0 1 1 0 1 0 0 1 0 0 0 0 0 1 0 0 0 0 0 0 0
Java-bound-generic-3 0 1 2 0 1 0 0 0 0 0 0 0 0 0 0 0 0 1 2 0 2 0 0 1 0 0 0 0 0 1 0 0 0 0 0 0 0
Java-break 0 0 0 0 0 0 0 0 0 0 0 0 0 0 0 0 0 0 0 0 0 1 0 0 0 0 0 0 0 0 0 0 0 0 0 0 0
Java-call 0 1 1 0 1 0 0 0 0 0 0 0 0 0 0 0 0 1 1 0 1 0 0 1 0 0 0 0 0 1 0 0 0 0 0 0 0
Java-cast-1 0 0 0 0 0 0 0 0 0 0 0 0 0 0 0 0 0 0 0 0 0 1 0 0 0 0 0 0 0 0 0 0 0 0 0 0 0
Java-cast-2 0 0 0 0 0 0 0 0 0 0 0 0 0 0 0 0 0 0 0 0 0 1 0 0 0 0 0 0 0 0 0 0 0 0 0 0 0
Pair 0 0 0 0 0 0 0 0 0 0 0 0 0 0 0 0 0 0 0 0 0 0 0 0 0 0 0 0 0 0 0 0 0 0 0 0 0
Java-continue 0 0 0 0 0 0 0 0 0 0 0 0 0 0 0 0 0 0 0 0 0 1 0 0 0 0 0 0 0 0 0 0 0 0 0 0 0
MyType 0 0 0 0 0 0 0 0 0 0 0 0 0 0 0 0 0 0 0 0 0 0 0 0 0 0 0 0 0 0 0 0 0 0 0 0 0
Java-default-2 0 1 1 0 0 0 0 0 0 0 0 0 0 0 0 0 0 2 2 0 1 0 0 2 0 0 0 0 0 2 0 0 0 0 0 0 0
Java-default-3 0 1 1 0 1 0 0 0 0 0 0 0 0 0 0 0 0 1 1 0 1 0 0 1 0 0 0 0 0 1 0 0 0 0 0 0 0
Planet 0 1.33333333333333 3.83333333333333 0 0.666666666666667 0 0 0 0 2 0 0 0 0 0 0 0 6 23 0 11 11 0 6 9 4 0 0 0 10 0 0 0 12 0 0 0
DerivedClass 0 0 0 0 0 0 0 0 0 0 0 0 0 1 0 0 0 0 0 0 0 0 0 0 0 0 0 0 0 0 0 0 0 0 0 0 0
MyFinalClass 0 0 0 0 0 0 0 0 0 0 0 0 0 0 0 0 0 0 0 0 0 0 0 0 0 0 0 0 0 0 0 0 0 0 0 0 0
Java-final-2 0 1 3 0 0 0 0 0 0 0 0 0 0 0 0 0 0 1 3 0 3 0 0 1 0 1 0 0 0 1 0 0 0 0 0 0 0
Java-final-3 0 0 0 0 0 0 0 0 0 0 0 0 0 0 0 0 0 0 0 0 0 1 0 0 0 0 0 0 0 0 0 0 0 0 0 0 0
Java-for-1 0 1 3 0 1 0 0 0 0 0 0 0 0 0 0 0 0 1 3 0 3 0 0 1 0 0 0 0 0 1 0 0 0 0 0 0 0
Box 0 1 1 0 0.5 0 0 0 0 0 0 0 0 0 0 0 0 2 2 0 1 1 0 2 1 2 0 0 0 2 0 0 0 0 0 0 0
Java-generic-method-def-1 0 1 2 0 2 0 0 0 0 0 0 0 0 0 0 0 0 1 2 0 2 0 0 1 0 0 0 0 0 1 0 0 0 0 0 0 0
Java-generic-variable-decl-1 0 0 0 0 0 0 0 0 0 0 0 0 0 0 0 0 0 0 0 0 0 1 0 0 0 0 0 0 0 0 0 0 0 0 0 0 0
Java-generic-variable-decl-2 0 0 0 0 0 0 0 0 0 0 0 0 0 0 0 0 0 0 0 0 0 1 0 0 0 0 0 0 0 0 0 0 0 0 0 0 0
Truck 0 0 0 0 0 0 0 0 0 0 0 0 0 1 0 0 0 0 0 0 0 0 0 0 0 0 0 0 0 0 0 0 0 0 0 0 0
IPolygon 0 1 1 0 0 0 0 0 0 0 0 0 0 0 0 0 0 3 3 0 1 0 0 3 0 3 0 0 0 3 0 0 0 0 0 0 0
Java-lambda-1 0 0 0 0 0 0 0 0 0 0 0 0 0 0 0 0 0 0 0 0 0 2 0 0 0 0 0 0 0 0 0 0 0 0 0 0 0
Java-lambda-3 0 0 0 0 0 0 0 0 0 0 0 0 0 0 0 0 0 0 0 0 0 2 0 0 0 0 0 0 0 0 0 0 0 0 0 0 0
Java-lambda-4 0 1 1 0 1 0 0 0 0 0 0 0 0 0 0 0 0 1 1 0 1 0 0 1 0 0 0 0 0 1 0 0 0 0 0 0 0
Java-method-decl-1 0 1 3 0 0 0 0 0 0 0 0 0 0 0 0 0 0 1 3 0 3 0 0 1 0 0 0 0 0 1 0 0 0 0 0 0 0
Java-method-decl-2 0 1 1 0 1 0 0 0 0 0 0 0 0 0 0 0 0 1 1 0 1 0 0 1 0 0 0 0 0 1 0 0 0 0 0 0 0
Java-method-ref-2 0 0 0 0 0 0 0 0 0 0 0 0 0 0 0 0 0 0 0 0 0 1 0 0 0 0 0 0 0 0 0 0 0 0 0 0 0
Java-method-ref-3 0 0 0 0 0 0 0 0 0 0 0 0 0 0 0 0 0 0 0 0 0 1 0 0 0 0 0 0 0 0 0 0 0 0 0 0 0
Java-native-1 0 1 1 0 0 0 0 0 0 0 0 0 0 0 0 0 0 1 1 0 1 0 0 1 0 0 0 0 0 1 0 0 0 0 0 0 0
Java-Operator-instanceof 0 0 0 0 0 0 0 0 0 0 0 0 0 0 0 0 0 0 0 0 0 1 0 0 0 0 0 0 0 0 0 0 0 0 0 0 0
Java-Operator-new 0 1 1 0 0 0 0 0 0 0 0 0 0 0 0 0 0 1 1 0 1 0 0 1 0 0 0 0 0 1 0 0 0 0 0 0 0
MyPublicClass 0 0 0 0 0 0 0 0 0 0 0 0 0 0 0 0 0 0 0 0 0 0 0 0 0 0 0 0 0 0 0 0 0 0 0 0 0
MyPublicClass::Helper 0 0 0 0 0 0 0 0 0 0 0 0 0 0 0 0 0 0 0 0 0 0 0 0 0 0 0 0 0 0 0 0 0 0 0 0 0
Java-private-2 0 0 0 0 0 0 0 0 0 0 0 0 0 0 0 0 0 0 0 0 0 1 0 0 0 0 0 0 0 0 0 0 0 0 0 0 0
Java-private-3 0 1 2 0 0 0 0 0 0 0 0 0 0 0 0 0 0 1 2 0 2 0 0 1 0 0 0 0 0 1 0 0 0 0 0 0 0
Temp 0 0 0 0 0 0 0 0 0 0 0 0 0 0 0 0 0 0 0 0 0 0 0 0 0 0 0 0 0 0 0 0 0 0 0 0 0
Temp::MyProtectedClass 0 0 0 0 0 0 0 0 0 0 0 0 0 0 0 0 0 0 0 0 0 0 0 0 0 0 0 0 0 0 0 0 0 0 0 0 0
Java-protected-2 0 0 0 0 0 0 0 0 0 0 0 0 0 0 0 0 0 0 0 0 0 1 0 0 0 0 0 0 0 0 0 0 0 0 0 0 0
Java-protected-3 1 1 2 0 0 0 0 0 0 0 0 0 0 0 0 0 0 1 2 0 2 0 0 1 0 0 0 0 0 1 0 0 0 0 0 0 0
MyPrivateClass 0 0 0 0 0 0 0 0 0 0 0 0 0 0 0 0 0 0 0 0 0 0 0 0 0 0 0 0 0 0 0 0 0 0 0 0 0
Java-public-2 0 0 0 0 0 0 0 0 0 0 0 0 0 0 0 0 0 0 0 0 0 1 0 0 1 0 0 0 0 0 0 0 0 0 0 0 0
Java-public-3 0 1 1 0 0 0 0 0 0 0 0 0 0 0 0 0 0 1 1 0 1 0 0 1 0 1 0 0 0 1 0 0 0 0 0 0 0
Java-receiver-parameter-1 0 1 1 0 1 0 0 0 0 0 0 0 0 0 0 0 0 1 1 0 1 0 0 1 0 1 0 0 0 1 0 0 0 0 0 0 0
Java-static-1 0 0 0 0 0 0 0 0 0 0 0 0 0 0 0 0 0 0 0 0 0 2 0 0 1 0 0 0 0 0 0 0 0 0 0 0 0
MyStaticClass 0 0 0 0 0 0 0 0 0 0 0 0 0 0 0 0 0 0 0 0 0 0 0 0 0 0 0 0 0 0 0 0 0 0 0 0 0
Java-static-3 0 1 2 0 0 0 0 0 0 0 0 0 0 0 0 0 0 1 2 0 2 0 0 1 0 0 0 0 0 1 0 0 0 0 0 0 0
FooNum 0 0 0 0 0 0 0 0 0 0 0 0 0 0 0 0 0 0 0 0 0 0 0 0 0 0 0 0 0 0 0 0 0 0 0 0 0
Java-synchronized-1 0 1 3 0 0 0 0 0 0 0 0 0 0 0 0 0 0 1 3 0 3 0 0 1 0 1 0 0 0 1 0 0 0 0 0 0 0
Java-synchronized-2 0 1 2 0 1 0 0 0 0 0 0 0 0 0 0 0 0 1 2 0 2 0 0 1 0 0 0 0 0 1 0 0 0 0 0 0 0
Java-this-1 0 0 0 0 0 0 0 0 0 0 0 0 0 0 0 0 0 0 0 0 0 1 0 0 0 0 0 0 0 0 0 0 0 0 0 0 0
Java-this-2 133 1 3 0 0 0 0 0 0 0 0 0 0 0 0 0 0 1 3 0 3 0 0 1 0 1 0 0 0 1 0 0 0 0 0 0 0
Java-throw 0 1 1 0 1 0 0 0 0 0 0 0 0 0 0 0 0 1 1 0 1 0 0 1 0 0 0 0 0 1 0 0 0 0 0 0 0
Java-throws-1 0 1 2 0 1 0 0 0 0 0 0 0 0 0 0 0 0 1 2 0 2 0 0 1 0 1 0 0 0 1 0 0 0 0 0 0 0
Java-throws-2 0 1 1 0 0 0 0 0 0 0 0 0 0 0 0 0 0 1 1 0 1 0 0 1 0 1 0 0 0 1 0 0 0 0 0 0 0
Java-throws-3 0 1 1 0 0 0 0 0 0 0 0 0 0 0 0 0 0 1 1 0 1 0 0 1 0 1 0 0 0 1 0 0 0 0 0 0 0
Java-throws-4 0 0 0 0 0 0 0 0 0 0 0 0 0 0 0 0 0 0 0 0 0 1 0 0 0 0 0 0 0 0 0 0 0 0 0 0 0
Java-transient-1 0 0 0 0 0 0 0 0 0 0 0 0 0 0 0 0 0 0 0 0 0 1 0 0 0 0 0 0 0 0 0 0 0 0 0 0 0
Java-try-2 0 1 3 0 1 0 0 0 0 0 0 0 0 0 0 0 0 1 3 0 3 0 0 1 0 0 0 0 0 1 0 0 0 0 0 0 0
Java-unsigned-right-shift-assign 0 0 0 0 0 0 0 0 0 0 0 0 0 0 0 0 0 0 0 0 0 1 0 0 0 0 0 0 0 0 0 0 0 0 0 0 0
Java-unsigned-right-shift 0 0 0 0 0 0 0 0 0 0 0 0 0 0 0 0 0 0 0 0 0 1 0 0 0 0 0 0 0 0 0 0 0 0 0 0 0
Java-variable-decl-2 0 0 0 0 0 0 0 0 0 0 0 0 0 0 0 0 0 0 0 0 0 1 0 0 0 0 0 0 0 0 0 0 0 0 0 0 0
Java-variable-decl-3 0 0 0 0 0 0 0 0 0 0 0 0 0 0 0 0 0 0 0 0 0 1 0 0 0 0 0 0 0 0 0 0 0 0 0 0 0
Java-variable-decl-4 0 0 0 0 0 0 0 0 0 0 0 0 0 0 0 0 0 0 0 0 0 1 0 0 0 0 0 0 0 0 0 0 0 0 0 0 0
Java-variable-decl-5 0 0 0 0 0 0 0 0 0 0 0 0 0 0 0 0 0 0 0 0 0 1 0 0 0 0 0 0 0 0 0 0 0 0 0 0 0
Java-variable-declarations 0 0 0 0 0 0 0 0 0 0 0 0 0 0 0 0 0 0 0 0 0 2 0 0 0 0 0 0 0 0 0 0 0 0 0 0 0
Java-volatile-1 0 0 0 0 0 0 0 0 0 0 0 0 0 0 0 0 0 0 0 0 0 1 0 0 0 0 0 0 0 0 0 0 0 0 0 0 0
Java-wildcard-1 0 1 1 0 1 0 0 0 0 0 0 0 0 0 0 0 0 1 1 0 1 0 0 1 0 1 0 0 0 1 0 0 0 0 0 0 0
Java-wildcard-2 0 1 1 0 1 0 0 0 0 0 0 0 0 0 0 0 0 1 1 0 1 0 0 1 0 0 0 0 0 1 0 0 0 0 0 0 0
Java-wildcard-3 0 1 1 0 1 0 0 0 0 0 0 0 0 0 0 0 0 1 1 0 1 0 0 1 0 0 0 0 0 1 0 0 0 0 0 0 0
JavaExamples.chopped 0 1.8 4.4 0 1.2 0 0 0 0 1 0 0 0 0 0 0 0 5 22 0 7 0 0 5 0 4 0 0 0 6 0 0 0 5 0 0 0
JavaExamples 0 1.2 3.95 0 0.8 0 0 0 0 1 0 0 0 0 0 0 0 20 79 0 28 45 0 20 0 4 0 0 0 21 0 0 0 20 0 0 0
EnumTest 0 3 11 0 0.5 0 0 0 0 0 0 0 0 0 0 0 0 2 22 0 19 0 0 2 0 2 0 0 0 2 0 0 0 0 0 0 0
ClassPreamble 0 1 1 0 0 0 0 0 0 0 0 0 0 0 0 0 0 6 6 0 1 0 0 6 0 6 0 0 0 6 0 0 0 0 0 0 0
GroupedInterface 0 1 1 0 1.5 0 0 0 0 0 0 0 0 1 0 0 0 2 2 0 1 1 0 2 1 2 0 0 0 2 0 0 0 0 0 0 0
Relatable 1 1 1 0 1 0 0 0 0 0 0 0 0 0 0 0 0 1 1 0 1 0 1 1 0 1 0 0 0 1 0 0 0 0 0 0 0
RectanglePlus 0 0 0 0 0 0 0 0 0 0 0 0 0 1 0 0 0 0 0 0 0 0 0 0 0 0 0 0 0 0 0 0 0 0 0 0 0
TimeClient 0 1.16666666666667 2.66666666666667 0 2.33333333333333 0 0 0 0 1 0 0 0 0 0 0 0 6 16 0 9 0 0 6 0 6 0 0 0 7 0 0 0 6 0 0 0
MountainBike 0 0 0 0 0 0 0 0 0 0 0 0 0 1 0 0 0 0 0 0 0 0 0 0 0 0 0 0 0 0 0 0 0 0 0 0 0
GraphicObject 0 0 0 0 0 0 0 0 0 0 0 0 0 0 0 0 0 0 0 0 0 0 0 0 0 0 0 0 0 0 0 0 0 0 0 0 0
Subclass 0 1 3 0 0 0 0 0 0 0 0 0 0 1 0 0 0 1 3 0 3 0 0 1 0 1 0 0 0 1 0 0 0 0 0 0 0
ChessAlgorithm 0 0 0 0 0 0 0 0 0 0 0 0 0 0 0 0 0 0 0 0 0 0 0 0 0 0 0 0 0 0 0 0 0 0 0 0 0
Util 0 1 4 0 2 0 0 0 0 2 0 0 0 0 0 0 0 1 4 0 4 0 0 1 0 1 0 0 0 3 0 0 0 2 0 0 0
srcml_convenient 0 1 30 0 2 0 0 0 0 1 0 0 0 0 0 0 0 1 30 0 30 0 0 1 0 1 0 0 0 7 0 0 0 1 0 0 0
srcml_copy_archive 0 2 37 0 2 0 0 0 0 2 0 0 0 0 0 0 0 1 37 0 37 0 0 1 0 1 0 0 0 11 0 0 0 2 0 0 0
srcml_create_archive_fd 0 2 45 0 2 0 0 0 0 2 0 0 0 0 0 0 0 1 45 0 45 0 0 1 0 1 0 0 0 13 0 0 0 2 0 0 0
srcml_create_archive_file 0 2 42 0 2 0 0 0 0 2 0 0 0 0 0 0 0 1 42 0 42 0 0 1 0 1 0 0 0 13 0 0 0 2 0 0 0
srcml_create_archive_filename 0 2 35 0 2 0 0 0 0 2 0 0 0 0 0 0 0 1 35 0 35 0 0 1 0 1 0 0 0 12 0 0 0 2 0 0 0
srcml_create_archive_full 0 2 65 0 2 0 0 0 0 2 0 0 0 0 0 0 0 1 65 0 65 0 0 1 0 1 0 0 0 18 0 0 0 2 0 0 0
srcml_create_archive_memory 0 2 46 0 2 0 0 0 0 2 0 0 0 0 0 0 0 1 46 0 46 0 0 1 0 1 0 0 0 13 0 0 0 2 0 0 0
srcml_direct_language 0 1 8 0 2 0 0 0 0 1 0 0 0 0 0 0 0 1 8 0 8 0 0 1 0 1 0 0 0 3 0 0 0 1 0 0 0
srcml_direct_language_list 0 2 7 0 2 0 0 0 0 1 0 0 0 0 0 0 0 1 7 0 7 0 0 1 0 1 0 0 0 3 0 0 0 1 0 0 0
srcml_direct_language_xml 0 1 8 0 2 0 0 0 0 1 0 0 0 0 0 0 0 1 8 0 8 0 0 1 0 1 0 0 0 3 0 0 0 1 0 0 0
srcml_direct_src2srcml 0 2 9 0 2 0 0 0 0 1 0 0 0 0 0 0 0 1 9 0 9 0 0 1 0 1 0 0 0 3 0 0 0 1 0 0 0
srcml_direct_srcml2src 0 1 7 0 2 0 0 0 0 1 0 0 0 0 0 0 0 1 7 0 7 0 0 1 0 1 0 0 0 2 0 0 0 1 0 0 0
srcml_list 0 2 21 0 2 0 0 0 0 2 0 0 0 0 0 0 0 1 21 0 21 0 0 1 0 1 0 0 0 10 0 0 0 2 0 0 0
srcml_read_archive_fd 0 2 40 0 2 0 0 0 0 2 0 0 0 0 0 0 0 1 40 0 40 0 0 1 0 1 0 0 0 14 0 0 0 2 0 0 0
srcml_read_archive_file 0 2 39 0 2 0 0 0 0 2 0 0 0 0 0 0 0 1 39 0 39 0 0 1 0 1 0 0 0 14 0 0 0 2 0 0 0
srcml_read_archive_filename 0 2 34 0 2 0 0 0 0 2 0 0 0 0 0 0 0 1 34 0 34 0 0 1 0 1 0 0 0 14 0 0 0 2 0 0 0
srcml_read_archive_full 0 2 34 0 2 0 0 0 0 2 0 0 0 0 0 0 0 1 34 0 34 0 0 1 0 1 0 0 0 14 0 0 0 2 0 0 0
srcml_read_archive_memory 0 2 48 0 2 0 0 0 0 3 0 0 0 0 0 0 0 1 48 0 48 0 0 1 0 1 0 0 0 15 0 0 0 3 0 0 0
srcml_relaxng 0 1 20 0 2 0 0 0 0 2 0 0 0 0 0 0 0 1 20 0 20 0 0 1 0 1 0 0 0 9 0 0 0 2 0 0 0
srcml_sort_archive 0 7 70 0 2 0 0 0 0 2 0 0 0 0 0 0 0 1 70 0 70 0 0 1 0 1 0 0 0 11 0 0 0 2 0 0 0
srcml_split_archive 0 3 46 0 2 0 0 0 0 2 0 0 0 0 0 0 0 1 46 0 46 0 0 1 0 1 0 0 0 13 0 0 0 2 0 0 0
srcml_transform 18 1 20.5 0 3.08333333333333 0 0 0 0 4 0 0 0 0 0 0 0 5 246 0 65 2 0 12 2 12 0 0 0 59 0 0 0 20 0 0 0
srcml_xpath 0 1 20 0 2 0 0 0 0 2 0 0 0 0 0 0 0 1 20 0 20 0 0 1 0 1 0 0 0 9 0 0 0 2 0 0 0
srcml_xslt 0 1 20 0 2 0 0 0 0 2 0 0 0 0 0 0 0 1 20 0 20 0 0 1 0 1 0 0 0 8 0 0 0 2 0 0 0
language_extension_registry 17 1.69230769230769 9.30769230769231 0 0.846153846153846 0 0 0 0 3 0 0 0 0 0 0 0 3 121 0 29 2 0 13 0 13 0 0 0 31 0 0 0 9 0 0 0
language_extension_registry_error 0 0 0 0 0 0 0 0 0 0 0 0 0 0 0 0 0 0 0 0 0 0 0 0 0 0 0 0 0 0 0 0 0 0 0 0 0
libsrcml 94 1 8.05769230769231 0 0.673076923076923 0 0 0 0 7 0 0 0 0 0 0 0 10 419 0 113 4 0 52 4 52 0 0 0 175 0 0 0 70 0 0 0
libxml2_callback_wrappers 8 1 7 0 2 0 0 0 0 2 0 0 0 0 0 0 0 4 28 0 7 0 0 4 0 4 0 0 0 12 0 0 0 8 0 0 0
libxml2_write_context 2 0 0 0 0 0 0 0 0 0 0 0 0 0 0 0 0 0 0 0 0 3 0 0 3 0 0 0 0 0 0 0 0 0 0 0 0
libxml2_read_context 2 0 0 0 0 0 0 0 0 0 0 0 0 0 0 0 0 0 0 0 0 3 0 0 3 0 0 0 0 0 0 0 0 0 0 0 0
relaxng_units 0 1.5 5.83333333333333 0 0.666666666666667 0 0 0 0 3 0 0 0 2 0 0 0 5 35 0 18 2 0 6 0 6 0 0 0 13 0 0 0 15 0 0 0
srcexfun 3 2.76923076923077 119.153846153846 0 1.61538461538462 0 0 0 0 5 0 0 0 0 0 0 0 2 1549 0 1311 5 0 13 5 13 0 0 0 58 0 0 0 10 0 0 0
xpath_ext_function 0 0 0 0 0 0 0 0 0 0 0 0 0 0 0 0 0 0 0 0 0 3 0 0 3 0 0 0 0 0 0 0 0 0 0 0 0
srcexfun_impl 1 1 36.3 0 2 0 0 0 0 1 0 0 0 0 0 0 0 10 363 0 138 0 0 10 0 10 0 0 0 15 0 0 0 10 0 0 0
'@139::XmlCharHasher' 0 0 0 0 0 0 0 0 0 0 0 0 0 0 0 0 0 0 0 0 0 0 0 0 0 0 0 0 0 0 0 0 0 0 0 0 0
'@139::XmlCharEqualityComparer' 0 0 0 0 0 0 0 0 0 0 0 0 0 0 0 0 0 0 0 0 0 0 0 0 0 0 0 0 0 0 0 0 0 0 0 0 0
'@139::ScopedDescendentsTraversalImpl' 0 0 0 0 0 0 0 0 0 0 0 0 0 0 0 0 0 0 0 0 0 0 0 0 0 0 0 0 0 0 0 0 0 0 0 0 0
'@139::ScopedDescendentsTraversalImpl< INCLUSIVE >' 0 0 0 0 0 0 0 0 0 0 0 0 0 0 0 0 0 0 0 0 0 0 0 0 0 0 0 0 0 0 0 0 0 0 0 0 0
'@139::ScopedDescendentsTraversalImpl< EXCLUSIVE >' 0 0 0 0 0 0 0 0 0 0 0 0 0 0 0 0 0 0 0 0 0 0 0 0 0 0 0 0 0 0 0 0 0 0 0 0 0
srcml 99 2.10759493670886 13.5506329113924 0 1.62658227848101 0 0 0 0 25 0 0 0 0 0 0 0 107 2141 0 113 0 0 158 0 158 0 0 0 776 0 0 0 2675 0 0 0
srcml_archive 130 2.77777777777778 13.5555555555556 0 1.81481481481481 0 0 0 0 10 0 0 0 0 0 0 0 3 732 0 52 20 0 54 20 54 0 0 0 310 0 0 0 30 0 0 0
srcml_macros 0 0 0 0 0 0 0 0 0 0 0 0 0 0 0 0 0 0 0 0 0 0 0 0 0 0 0 0 0 0 0 0 0 0 0 0 0
srcml_reader_handler 8 7.10526315789474 33.7368421052632 0 2.68421052631579 0 0 0 0 11 0 0 0 1 0 0 0 1 641 0 128 19 0 19 0 16 0 0 0 216 0 0 0 11 0 0 0
srcml_reader_handler::meta_tag 9 3 13.6 0 1.4 0 0 0 0 3 0 0 0 0 0 0 0 1 68 0 21 4 0 5 4 5 0 0 0 34 0 0 0 3 0 0 0
srcml_sax2_reader 26 2 13.5 0 2.5 0 0 0 0 7 0 0 0 0 0 0 0 2 135 0 29 4 0 10 0 9 0 0 0 70 0 0 0 14 0 0 0
thread_args 2 0 0 0 0 0 0 0 0 0 0 0 0 0 0 0 0 0 0 0 0 2 0 0 2 0 0 0 0 0 0 0 0 0 0 0 0
srcml_sax2_utilities 17 3 23.4 0 5.4 0 0 0 0 4 0 0 0 0 0 0 0 5 117 0 38 0 0 5 0 5 0 0 0 14 0 0 0 20 0 0 0
srcml_translator 31 3.75 23.55 0 2.8 0 0 0 0 9 0 0 0 1 0 0 0 5 471 0 86 21 0 20 1 20 0 0 0 207 0 0 0 45 0 0 0
FileError 0 0 0 0 0 0 0 0 0 0 0 0 0 0 0 0 0 0 0 0 0 0 0 0 0 0 0 0 0 0 0 0 0 0 0 0 0
srcml_types 0 0 0 0 0 0 0 0 0 0 0 0 0 0 0 0 0 0 0 0 0 0 0 0 0 0 0 0 0 0 0 0 0 0 0 0 0
xpath_arguments 7 0 0 0 0 0 0 0 0 0 0 0 0 0 0 0 0 0 0 0 0 8 0 0 8 0 0 0 0 0 0 0 0 0 0 0 0
transform 2 0 0 0 0 0 0 0 0 0 0 0 0 0 0 0 0 0 0 0 0 5 0 0 5 0 0 0 0 0 0 0 0 0 0 0 0
srcml_unit 209 1.05263157894737 19.6315789473684 0 2.07894736842105 0 0 0 0 11 0 0 0 0 0 0 0 1 746 0 54 16 0 38 16 38 0 0 0 259 0 0 0 11 0 0 0
unit_dom 15 1.57894736842105 10.7894736842105 0 2.10526315789474 0 0 0 0 5 0 0 0 1 0 0 0 3 205 0 52 9 3 19 1 19 0 0 0 70 0 0 0 15 0 0 0
xpath_query_units 0 4.6 29.5 0 1.55 0 0 0 0 10 0 0 0 2 0 0 0 4 590 0 109 18 0 20 2 20 0 0 0 133 0 0 0 40 0 0 0
xslt_units 0 2.85714285714286 16.7142857142857 0 1.14285714285714 0 0 0 0 6 0 0 0 2 0 0 0 3 117 0 41 6 0 7 1 7 0 0 0 30 0 0 0 18 0 0 0
bitset_bucket_sorter 0 0 0 0 0 0 0 0 0 0 0 0 0 0 0 0 0 0 0 0 0 0 0 0 0 0 0 0 0 0 0 0 0 0 0 0 0
replace_pos 0 0 0 0 0 0 0 0 0 0 0 0 0 0 0 0 0 0 0 0 0 0 0 0 0 0 0 0 0 0 0 0 0 0 0 0 0
bitset_buckets 0 0 0 0 0 0 0 0 0 0 0 0 0 0 0 0 0 0 0 0 0 2 0 0 2 0 0 0 0 0 0 0 0 0 0 0 0
Language 6 1.66666666666667 4.5 0 0.5 0 0 0 0 0 0 0 0 0 0 0 0 6 27 0 8 10 1 6 8 6 0 0 0 6 0 0 0 0 0 0 0
Mode 0 0 0 0 0 0 0 0 0 0 0 0 0 0 0 0 0 0 0 0 0 71 0 0 71 0 0 0 0 0 0 0 0 0 0 0 0
ModeStack 0 1.5609756097561 6.53658536585366 0 0.536585365853659 0 0 0 0 2 0 0 0 1 0 0 0 10 268 0 28 73 0 41 73 2 0 0 0 93 0 0 0 20 0 0 0
srcml_bitset_token_sets 0 1 1 0 27.6666666666667 0 0 0 0 0 0 0 0 0 0 0 0 12 12 0 1 0 0 12 0 12 0 0 0 12 0 0 0 0 0 0 0
Segmentation_Fault 0 0 0 0 0 0 0 0 0 0 0 0 0 1 0 0 0 0 0 0 0 0 0 0 0 0 0 0 0 0 0 0 0 0 0 0 0
srcmlns 29 1 25 0 1.5 0 0 0 0 0 0 0 0 0 0 0 0 1 50 0 33 32 0 2 32 2 0 0 0 4 0 0 0 0 0 0 0
srcMLOutput 14 2.28571428571429 13.3015873015873 0 1.33333333333333 0 0 0 0 5 0 0 0 1 0 0 0 1 838 0 98 36 0 63 32 61 0 0 0 334 0 0 0 5 0 0 0
srcMLOutputPR 0 0 0 0 0 0 0 0 0 0 0 0 0 0 0 0 0 0 0 0 0 0 0 0 0 0 0 0 0 0 0 0 0 0 0 0 0
srcMLState 1 1.04545454545455 3.40909090909091 0 0.454545454545455 0 0 0 0 0 0 0 0 0 0 0 0 8 75 0 6 7 0 22 5 22 0 0 0 44 0 0 0 0 0 0 0
srcMLToken 8 1 2.4 0 0.666666666666667 0 0 0 0 1 0 0 0 1 0 0 0 7 36 0 4 4 0 15 4 15 0 0 0 28 0 0 0 7 0 0 0
StreamMLParser 0 2 11.3214285714286 0 0.607142857142857 0 0 0 0 1 0 0 0 1 0 0 0 3 317 0 107 8 0 28 0 7 0 0 0 77 0 0 0 3 0 0 0
TokenParser 2 1 1 0 0.555555555555556 0 0 0 0 0 0 0 0 0 0 0 0 9 9 0 1 0 1 9 0 9 0 0 0 9 0 0 0 0 0 0 0
TokenStream 2 1 1 0 0 0 0 0 0 0 0 0 0 0 0 0 0 2 2 0 1 0 1 2 0 2 0 0 0 2 0 0 0 0 0 0 0
UTF8CharBuffer 1 4.07692307692308 30.6153846153846 0 2 0 0 0 0 5 0 0 0 1 0 0 0 1 398 0 65 8 0 13 1 11 0 0 0 93 0 0 0 5 0 0 0
srcMLIO 7 0 0 0 0 0 0 0 0 0 0 0 0 0 0 0 0 0 0 0 0 4 0 0 4 0 0 0 0 0 0 0 0 0 0 0 0
UTF8FileError 0 0 0 0 0 0 0 0 0 0 0 0 0 0 0 0 0 0 0 0 0 0 0 0 0 0 0 0 0 0 0 0 0 0 0 0 0
create_src 1 1 236 0 3 0 0 0 0 11 0 0 0 0 0 0 0 1 236 0 236 0 0 1 0 1 0 0 0 49 0 0 0 11 0 0 0
srcMLReadArchive 1 1.66666666666667 5.33333333333333 0 0.333333333333333 0 0 0 0 2 0 0 0 0 0 0 0 1 16 0 10 1 0 3 0 3 0 0 0 10 0 0 0 2 0 0 0
create_srcml 2 1 91 0 3.5 0 0 0 0 15 0 0 0 0 0 0 0 1 182 0 148 0 0 2 0 2 0 0 0 58 0 0 0 15 0 0 0
decompress_srcml 1 1 57 0 3 0 0 0 0 1 0 0 0 0 0 0 0 1 57 0 57 0 0 1 0 1 0 0 0 3 0 0 0 1 0 0 0
'@58::curl' 0 0 0 0 0 0 0 0 0 0 0 0 0 0 0 0 0 0 0 0 0 8 0 0 8 0 0 0 0 0 0 0 0 0 0 0 0
input_file 0 2 33 0 1 0 0 0 0 2 0 0 0 0 0 0 0 1 33 0 33 0 0 1 0 1 0 0 0 4 0 0 0 2 0 0 0
isxml 1 2 22.5 0 1.5 0 0 0 0 1 0 0 0 0 0 0 0 1 45 0 38 0 0 2 0 2 0 0 0 4 0 0 0 1 0 0 0
ParseQueue 5 1.33333333333333 6.33333333333333 0 1.33333333333333 0 0 0 0 3 0 0 0 0 0 0 0 2 19 0 13 4 0 3 0 3 0 0 0 14 0 0 0 6 0 0 0
ParseRequest 8 1 1 0 1 0 0 0 0 0 0 0 0 0 0 0 0 1 1 0 1 14 0 1 14 1 0 0 0 1 0 0 0 0 0 0 0
peek4char 1 5 25 0 2 0 0 0 0 1 0 0 0 0 0 0 0 1 25 0 25 0 0 1 0 1 0 0 0 2 0 0 0 1 0 0 0
prio_scheduler_strict 1 1.25 4.5 0 0.25 0 0 0 0 1 0 0 0 1 0 0 0 2 18 0 8 2 0 4 2 4 0 0 0 11 0 0 0 2 0 0 0
prio_strict_task_func 0 1.33333333333333 3.66666666666667 0 1.33333333333333 0 0 0 0 0 0 0 0 0 0 0 0 3 11 0 5 2 0 3 2 3 0 0 0 5 0 0 0 0 0 0 0
sha1utilities 1 1 1 0 2 0 0 0 0 0 0 0 0 0 0 0 0 1 1 0 1 1 0 1 1 1 0 0 0 1 0 0 0 0 0 0 0
src_archive 5 1.33333333333333 7.66666666666667 0 1.66666666666667 0 0 0 0 1 0 0 0 0 0 0 0 4 46 0 12 2 0 6 2 6 0 0 0 14 0 0 0 4 0 0 0
archive_calls_t 4 0 0 0 0 0 0 0 0 0 0 0 0 0 0 0 0 0 0 0 0 2 0 0 2 0 0 0 0 0 0 0 0 0 0 0 0
src_input_file 1 1 35 0 4 0 0 0 0 6 0 0 0 0 0 0 0 1 35 0 35 0 0 1 0 1 0 0 0 21 0 0 0 6 0 0 0
src_input_filelist 1 4 21 0 4 0 0 0 0 3 0 0 0 0 0 0 0 1 21 0 21 0 0 1 0 1 0 0 0 4 0 0 0 3 0 0 0
src_input_filesystem 1 1 31 0 4 0 0 0 0 2 0 0 0 0 0 0 0 1 31 0 31 0 0 1 0 1 0 0 0 3 0 0 0 2 0 0 0
src_input_libarchive 3 1 194 0 4 0 0 0 0 7 0 0 0 0 0 0 0 1 194 0 194 0 0 1 0 1 0 0 0 29 0 0 0 7 0 0 0
'@49::curl' 0 0 0 0 0 0 0 0 0 0 0 0 0 0 0 0 0 0 0 0 0 9 0 0 9 0 0 0 0 0 0 0 0 0 0 0 0
src_input_stdin 0 1 28 0 0 0 0 0 0 0 0 0 0 0 0 0 0 1 28 0 28 0 0 1 0 1 0 0 0 1 0 0 0 0 0 0 0
src_input_text 1 1 71 0 4 0 0 0 0 5 0 0 0 0 0 0 0 1 71 0 71 0 0 1 0 1 0 0 0 21 0 0 0 5 0 0 0
src_input_validator 0 4 12 0 1 0 0 0 0 0 0 0 0 0 0 0 0 1 12 0 12 0 0 1 0 1 0 0 0 1 0 0 0 0 0 0 0
src_language 0 4 18 0 1 0 0 0 0 1 0 0 0 0 0 0 0 1 18 0 18 0 0 1 0 1 0 0 0 2 0 0 0 1 0 0 0
src_output_filesystem 1 3.5 21.5 0 2.5 0 0 0 0 2 0 0 0 0 0 0 0 2 43 0 37 0 0 2 0 2 0 0 0 9 0 0 0 4 0 0 0
src_output_libarchive 1 1 40 0 2 0 0 0 0 2 0 0 0 0 0 0 0 1 40 0 40 0 0 1 0 1 0 0 0 5 0 0 0 2 0 0 0
src_prefix 10 1 10 0 1.6 0 0 0 0 1 0 0 0 0 0 0 0 1 50 0 17 1 0 5 1 5 0 0 0 15 0 0 0 1 0 0 0
srcml_cli 27 1.86842105263158 11.4736842105263 0 1.13157894736842 0 0 0 0 8 0 0 0 0 0 0 0 1 436 0 226 36 0 38 36 38 0 0 0 156 0 0 0 8 0 0 0
attribute 1 0 0 0 0 0 0 0 0 0 0 0 0 0 0 0 0 0 0 0 0 3 0 0 3 0 0 0 0 0 0 0 0 0 0 0 0
element 3 0 0 0 0 0 0 0 0 0 0 0 0 0 0 0 0 0 0 0 0 2 0 0 2 0 0 0 0 0 0 0 0 0 0 0 0
srcml_request_t 27 0 0 0 0 0 0 0 0 0 0 0 0 0 0 0 0 0 0 0 0 25 0 0 25 0 0 0 0 0 0 0 0 0 0 0 0
srcml_consume 1 1 152 0 2 0 0 0 0 6 0 0 0 0 0 0 0 1 152 0 152 0 0 1 0 1 0 0 0 30 0 0 0 6 0 0 0
srcml_display_metadata 1 6.75 62 0 1.75 0 0 0 0 7 0 0 0 0 0 0 0 1 248 0 125 0 0 4 0 4 0 0 0 54 0 0 0 7 0 0 0
srcml_execute 1 1 46 0 4 0 0 0 0 1 0 0 0 0 0 0 0 1 46 0 46 0 0 1 0 1 0 0 0 2 0 0 0 1 0 0 0
srcml_input_src 25 1.47826086956522 6.04347826086957 0 1.08695652173913 0 0 0 0 5 0 0 0 0 0 0 0 4 139 0 46 13 0 23 13 23 0 0 0 86 0 0 0 20 0 0 0
srcMLReadArchiveError 0 1 2 0 2 0 0 0 0 0 0 0 0 0 0 0 0 1 2 0 2 2 0 1 2 1 0 0 0 1 0 0 0 0 0 0 0
srcml_input_srcml 1 10 57 0 3 0 0 0 0 6 0 0 0 0 0 0 0 1 57 0 57 0 0 1 0 1 0 0 0 22 0 0 0 6 0 0 0
SRCMLOptions 0 1 4 0 0.5 0 0 0 0 0 0 0 0 0 0 0 0 1 8 0 4 1 0 2 0 2 0 0 0 4 0 0 0 0 0 0 0
srcml_pretty 1 8.5 41.5 0 2.25 0 0 0 0 3 0 0 0 0 0 0 0 1 332 0 108 3 0 8 3 8 0 0 0 50 0 0 0 3 0 0 0
pretty_template_t 3 0 0 0 0 0 0 0 0 0 0 0 0 0 0 0 0 0 0 0 0 7 0 0 7 0 0 0 0 0 0 0 0 0 0 0 0
srcml_write 1 1 63 0 2 0 0 0 0 4 0 0 0 0 0 0 0 1 63 0 63 0 0 1 0 1 0 0 0 14 0 0 0 4 0 0 0
boost::threadpool::detail::locking_ptr 0 1 5 0 0.5 0 0 0 0 0 0 0 0 1 0 0 0 2 20 0 7 2 0 4 0 4 0 0 0 8 0 0 0 0 0 0 0
boost::threadpool::detail::pool_core 0 2.15789473684211 12.6315789473684 0 0.526315789473684 0 0 0 0 0 0 0 0 1 0 0 0 5 240 0 45 10 0 19 0 14 0 0 0 64 0 0 0 0 0 0 0
boost::threadpool::detail::scope_guard 1 1.33333333333333 5.33333333333333 0 0.333333333333333 0 0 0 0 0 0 0 0 1 0 0 0 2 16 0 7 2 0 3 0 3 0 0 0 6 0 0 0 0 0 0 0
boost::threadpool::detail::worker_thread 0 1.4 6 0 0.4 0 0 0 0 1 0 0 0 1 0 0 0 2 30 0 9 2 0 5 0 3 0 0 0 12 0 0 0 2 0 0 0
future 0 1 27 0 2 0 0 0 0 1 0 0 0 0 0 0 0 1 27 0 27 0 0 1 0 1 0 0 0 2 0 0 0 1 0 0 0
boost::threadpool::future 0 1 4 0 0.333333333333333 0 0 0 0 0 0 0 0 0 0 0 0 3 36 0 4 1 0 9 0 9 0 0 0 16 0 0 0 0 0 0 0
boost::threadpool::detail::future_impl 0 1.55555555555556 8.11111111111111 0 0.444444444444444 0 0 0 0 0 0 0 0 0 0 0 0 2 73 0 12 6 0 9 0 9 0 0 0 24 0 0 0 0 0 0 0
boost::threadpool::detail::future_impl_task_func 0 1.5 5 0 1.25 0 0 0 0 0 0 0 0 0 0 0 0 4 20 0 13 2 0 4 1 4 0 0 0 4 0 0 0 0 0 0 0
pool 0 0 0 0 0 0 0 0 0 0 0 0 0 0 0 0 0 0 0 0 0 0 0 0 0 0 0 0 0 0 0 0 0 0 0 0 0
boost::threadpool::thread_pool 11 1 4.2 0 0.5 0 0 0 0 0 0 0 0 0 0 0 0 10 42 0 6 2 0 10 0 10 0 0 0 10 0 0 0 0 0 0 0
pool_adaptors 0 1 4 0 2 0 0 0 0 1 0 0 0 0 0 0 0 3 12 0 4 0 0 3 0 3 0 0 0 6 0 0 0 3 0 0 0
boost::threadpool::fifo_scheduler 12 1 4.16666666666667 0 0.166666666666667 0 0 0 0 0 0 0 0 0 0 0 0 1 25 0 5 1 0 6 0 6 0 0 0 12 0 0 0 0 0 0 0
boost::threadpool::lifo_scheduler 0 1 4.16666666666667 0 0.166666666666667 0 0 0 0 1 0 0 0 0 0 0 0 6 25 0 5 1 0 6 0 6 0 0 0 12 0 0 0 6 0 0 0
boost::threadpool::prio_scheduler 3 1.16666666666667 4.66666666666667 0 0.166666666666667 0 0 0 0 1 0 0 0 0 0 0 0 6 28 0 7 1 1 6 0 6 0 0 0 12 0 0 0 6 0 0 0
boost::threadpool::wait_for_all_tasks 0 1 5 0 1 0 0 0 0 1 0 0 0 0 0 0 0 1 5 0 5 0 0 1 0 1 0 0 0 2 0 0 0 1 0 0 0
boost::threadpool::wait_for_active_tasks 0 1 6 0 1 0 0 0 0 1 0 0 0 0 0 0 0 1 6 0 6 0 0 1 0 1 0 0 0 3 0 0 0 1 0 0 0
boost::threadpool::immediately 0 1 5 0 1 0 0 0 0 1 0 0 0 0 0 0 0 1 5 0 5 0 0 1 0 1 0 0 0 2 0 0 0 1 0 0 0
boost::threadpool::empty_controller 0 1 1 0 2 0 0 0 0 0 0 0 0 0 0 0 0 1 1 0 1 0 0 1 0 1 0 0 0 1 0 0 0 0 0 0 0
boost::threadpool::resize_controller 0 1 4.5 0 1.5 0 0 0 0 0 0 0 0 0 0 0 0 2 9 0 5 2 0 2 0 2 0 0 0 2 0 0 0 0 0 0 0
boost::threadpool::static_size 0 1 2.83333333333333 0 0.833333333333333 0 0 0 0 0 0 0 0 0 0 0 0 6 17 0 4 1 0 6 1 6 0 0 0 6 0 0 0 0 0 0 0
task_adaptors 0 0 0 0 0 0 0 0 0 0 0 0 0 0 0 0 0 0 0 0 0 0 0 0 0 0 0 0 0 0 0 0 0 0 0 0 0
boost::threadpool::prio_task_func 1 1.33333333333333 5.33333333333333 0 1.33333333333333 0 0 0 0 0 0 0 0 0 0 0 0 3 16 0 7 2 0 3 0 3 0 0 0 5 0 0 0 0 0 0 0
boost::threadpool::looped_task_func 0 3 18 0 1.5 0 0 0 0 1 0 0 0 0 0 0 0 2 36 0 30 3 0 2 0 2 0 0 0 3 0 0 0 2 0 0 0
Timer 1 1 2.57142857142857 0 0.285714285714286 0 0 0 0 0 0 0 0 0 0 0 0 3 18 0 4 3 0 7 0 7 0 0 0 14 0 0 0 0 0 0 0
trace_log 0 1 11.5 0 2 0 0 0 0 2 0 0 0 0 0 0 0 2 23 0 14 0 0 2 0 2 0 0 0 7 0 0 0 4 0 0 0
TraceLog 2 1.66666666666667 6.33333333333333 0 0.333333333333333 0 0 0 0 1 0 0 0 0 0 0 0 1 19 0 7 4 0 3 0 3 0 0 0 10 0 0 0 1 0 0 0
transform_srcml 1 9.5 56 0 2.75 0 0 0 0 8 0 0 0 0 0 0 0 1 224 0 113 0 0 4 0 4 0 0 0 46 0 0 0 8 0 0 0
WriteQueue 3 1 4.33333333333333 0 1 0 0 0 0 3 0 0 0 0 0 0 0 2 13 0 5 2 0 3 0 3 0 0 0 10 0 0 0 6 0 0 0
cppCallbackAdapter 0 1 8.5625 0 3.8125 0 0 0 0 4 0 0 0 0 0 0 0 2 137 0 22 1 0 16 0 16 0 0 0 82 0 0 0 8 0 0 0
sax2_srcsax_handler 9 1.15789473684211 36 0 3.52631578947368 0 0 0 0 7 0 0 0 0 0 0 0 2 684 0 167 13 0 19 13 19 0 0 0 183 0 0 0 14 0 0 0
declaration 0 1 1 0 0 0 0 0 0 0 0 0 0 0 0 0 0 1 1 0 1 3 0 1 3 1 0 0 0 1 0 0 0 0 0 0 0
function_prototype 0 1 1 0 1 0 0 0 0 0 0 0 0 0 0 0 0 1 1 0 1 5 0 1 5 1 0 0 0 1 0 0 0 0 0 0 0
srcml_element 5 3.83333333333333 29.3333333333333 0 2 0 0 0 0 3 0 0 0 0 0 0 0 2 176 0 66 9 0 6 9 6 0 0 0 43 0 0 0 6 0 0 0
srcsax 9 1 14 0 1.9 0 0 0 0 5 0 0 0 0 0 0 0 10 140 0 31 0 0 10 0 10 0 0 0 35 0 0 0 50 0 0 0
srcsax_context 69 0 0 0 0 0 0 0 0 0 0 0 0 0 0 0 0 0 0 0 0 12 0 0 12 0 0 0 0 0 0 0 0 0 0 0 0
srcsax_controller 1 2.46666666666667 15.2 0 1.8 0 0 0 0 4 0 0 0 0 0 0 0 4 228 0 37 0 0 15 0 15 0 0 0 62 0 0 0 16 0 0 0
srcsax_namespace 3 0 0 0 0 0 0 0 0 0 0 0 0 0 0 0 0 0 0 0 0 2 0 0 2 0 0 0 0 0 0 0 0 0 0 0 0
srcsax_attribute 14 0 0 0 0 0 0 0 0 0 0 0 0 0 0 0 0 0 0 0 0 4 0 0 4 0 0 0 0 0 0 0 0 0 0 0 0
srcsax_handler 25 0 0 0 0 0 0 0 0 0 0 0 0 0 0 0 0 0 0 0 0 14 0 0 14 0 0 0 0 0 0 0 0 0 0 0 0
SAXError 4 0 0 0 0 0 0 0 0 0 0 0 0 0 0 0 0 0 0 0 0 2 0 0 2 0 0 0 0 0 0 0 0 0 0 0 0
srcSAXController 9 1.88 7.44 0 1.16 0 0 0 0 5 0 0 0 0 0 0 0 3 186 0 22 1 0 25 0 25 0 0 0 95 0 0 0 15 0 0 0
srcSAXHandler 35 1 2.59090909090909 0 2.22727272727273 0 0 0 0 3 0 0 0 0 0 0 0 20 57 0 5 5 2 22 0 22 0 0 0 32 0 0 0 60 0 0 0
genstring 6 1.5 12.5 0 0.5 0 0 0 0 1 0 0 0 0 0 0 0 1 25 0 13 0 0 2 0 2 0 0 0 4 0 0 0 1 0 0 0
boost_optional_string_output 0 2 10 0 2 0 0 0 0 0 0 0 0 0 0 0 0 1 10 0 10 0 0 1 0 1 0 0 0 1 0 0 0 0 0 0 0
dassert 0 0 0 0 0 0 0 0 0 0 0 0 0 0 0 0 0 0 0 0 0 0 0 0 0 0 0 0 0 0 0 0 0 0 0 0 0
test_language_extension_registry 0 4 221 0 0 0 0 0 0 1 0 0 0 0 0 0 0 1 221 0 221 0 0 1 0 1 0 0 0 9 0 0 0 1 0 0 0
test_srcexfun_impl 0 7.5 483.5 0 1 0 0 0 0 6 0 0 0 0 0 0 0 1 1934 0 1695 1 0 4 1 4 0 0 0 29 0 0 0 6 0 0 0
TestResult 1 0 0 0 0 0 0 0 0 0 0 0 0 0 0 0 0 0 0 0 0 4 0 0 4 0 0 0 0 0 0 0 0 0 0 0 0
test_srcml_append_transform 0 3 676 0 0 0 0 0 0 5 0 0 0 0 0 0 0 1 676 0 676 0 0 1 0 1 0 0 0 17 0 0 0 5 0 0 0
test_srcml_apply_transforms 0 4 1209 0 0 0 0 0 0 5 0 0 0 0 0 0 0 1 1209 0 1209 0 0 1 0 1 0 0 0 21 0 0 0 5 0 0 0
test_srcml_archive_check_extension 0 1 34 0 0 0 0 0 0 1 0 0 0 0 0 0 0 1 34 0 34 0 0 1 0 1 0 0 0 5 0 0 0 1 0 0 0
test_srcml_archive_clone 0 1 76 0 0 0 0 0 0 5 0 0 0 0 0 0 0 1 76 0 76 0 0 1 0 1 0 0 0 26 0 0 0 5 0 0 0
test_srcml_archive_create 0 1 37 0 0 0 0 0 0 4 0 0 0 0 0 0 0 1 37 0 37 0 0 1 0 1 0 0 0 23 0 0 0 4 0 0 0
test_srcml_archive_get 0 1 535 0 0 0 0 0 0 2 0 0 0 0 0 0 0 1 535 0 535 0 0 1 0 1 0 0 0 30 0 0 0 2 0 0 0
test_srcml_archive_read_open 0 1 213.666666666667 0 1.33333333333333 0 0 0 0 3 0 0 0 0 0 0 0 1 641 0 631 0 0 3 0 3 0 0 0 23 0 0 0 3 0 0 0
test_srcml_archive_set 0 1 448 0 0 0 0 0 0 3 0 0 0 0 0 0 0 1 448 0 448 0 0 1 0 1 0 0 0 27 0 0 0 3 0 0 0
test_srcml_archive_write_open 12 1 81.6666666666667 0 1.33333333333333 0 0 0 0 3 0 0 0 0 0 0 0 1 245 0 235 0 0 3 0 3 0 0 0 18 0 0 0 3 0 0 0
test_srcml_clear_transforms 0 3 171 0 0 0 0 0 0 5 0 0 0 0 0 0 0 1 171 0 171 0 0 1 0 1 0 0 0 13 0 0 0 5 0 0 0
test_srcml_convenience 5 9 169 0 0 0 0 0 0 3 0 0 0 0 0 0 0 1 169 0 169 6 0 1 6 1 0 0 0 17 0 0 0 3 0 0 0
test_srcml_extract_text 0 2 41 0 0 0 0 0 0 4 0 0 0 0 0 0 0 1 41 0 41 0 0 1 0 1 0 0 0 5 0 0 0 4 0 0 0
test_srcml_global 0 1 122 0 0 0 0 0 0 1 0 0 0 0 0 0 0 1 122 0 122 1 0 1 1 1 0 0 0 8 0 0 0 1 0 0 0
test_srcml_global_access 0 1 590 0 0 0 0 0 0 4 0 0 0 0 0 0 0 1 590 0 590 2 0 1 2 1 0 0 0 56 0 0 0 4 0 0 0
test_srcml_read_unit 0 1 257 0 0 0 0 0 0 4 0 0 0 0 0 0 0 1 257 0 257 0 0 1 0 1 0 0 0 15 0 0 0 4 0 0 0
test_srcml_relaxng 0 2 68 0 0 0 0 0 0 4 0 0 0 0 0 0 0 1 68 0 68 0 0 1 0 1 0 0 0 5 0 0 0 4 0 0 0
test_srcml_sax2_reader 0 5 1071 0 0 0 0 0 0 3 0 0 0 0 0 0 0 1 1071 0 1071 0 0 1 0 1 0 0 0 7 0 0 0 3 0 0 0
test_srcml_translator 0 1 839 0 0 0 0 0 0 6 0 0 0 0 0 0 0 1 839 0 839 0 0 1 0 1 0 0 0 33 0 0 0 6 0 0 0
test_srcml_unit_create 0 1 28 0 0 0 0 0 0 2 0 0 0 0 0 0 0 1 28 0 28 0 0 1 0 1 0 0 0 13 0 0 0 2 0 0 0
test_srcml_unit_get 0 1 383 0 0 0 0 0 0 3 0 0 0 0 0 0 0 1 383 0 383 0 0 1 0 1 0 0 0 29 0 0 0 3 0 0 0
test_srcml_unit_parse 8 1 643 0 1.33333333333333 0 0 0 0 4 0 0 0 0 0 0 0 1 1929 0 1919 0 0 3 0 3 0 0 0 35 0 0 0 4 0 0 0
test_srcml_unit_set 0 1 207 0 0 0 0 0 0 2 0 0 0 0 0 0 0 1 207 0 207 0 0 1 0 1 0 0 0 21 0 0 0 2 0 0 0
test_srcml_unit_unparse 0 11.6666666666667 418.666666666667 0 1.33333333333333 0 0 0 0 5 0 0 0 0 0 0 0 1 1256 0 1246 0 0 3 0 3 0 0 0 25 0 0 0 5 0 0 0
test_srcml_write_by_element 0 1 670 0 0 0 0 0 0 4 0 0 0 0 0 0 0 1 670 0 670 0 0 1 0 1 0 0 0 24 0 0 0 4 0 0 0
test_srcml_write_unit 0 1 484 0 0 0 0 0 0 3 0 0 0 0 0 0 0 1 484 0 484 0 0 1 0 1 0 0 0 23 0 0 0 3 0 0 0
test_srcml_xpath 0 22 810 0 0 0 0 0 0 4 0 0 0 0 0 0 0 1 810 0 810 0 0 1 0 1 0 0 0 5 0 0 0 4 0 0 0
test_srcml_xslt 0 2 81 0 0 0 0 0 0 3 0 0 0 0 0 0 0 1 81 0 81 0 0 1 0 1 0 0 0 4 0 0 0 3 0 0 0
Bar 1 1 1.8 0 0.9 0 0 0 0 0 0 0 0 0 0 0 0 10 18 0 3 0 1 10 0 1 0 0 0 10 0 0 0 0 0 0 0
accepts_variable_arguments_1 0 1 1 0 0.75 0 0 0 0 0 0 0 0 0 0 0 0 4 4 0 1 0 0 4 0 4 0 0 0 4 0 0 0 0 0 0 0
bar 1 0 0 0 0 0 0 0 0 0 0 0 0 0 0 0 0 0 0 0 0 0 1 0 0 0 0 0 0 0 0 0 0 0 0 0 0
accepts_variable_arguments_2 0 1 1 0 1 0 0 0 0 0 0 0 0 0 0 0 0 2 2 0 1 0 0 2 0 2 0 0 0 2 0 0 0 0 0 0 0
foo1 0 0 0 0 0 0 0 0 0 0 0 0 0 0 0 0 0 0 0 0 0 0 0 0 0 0 0 0 0 0 0 0 0 0 0 0 0
foo4 0 0 0 0 0 0 0 0 0 0 0 0 0 0 0 0 0 0 0 0 0 0 0 0 0 0 0 0 0 0 0 0 0 0 0 0 0
foo7 0 0 0 0 0 0 0 0 0 0 0 0 0 0 0 0 0 0 0 0 0 0 0 0 0 0 0 0 0 0 0 0 0 0 0 0 0
foo10 0 0 0 0 0 0 0 0 0 0 0 0 0 0 0 0 0 0 0 0 0 0 0 0 0 0 0 0 0 0 0 0 0 0 0 0 0
foo13 0 0 0 0 0 0 0 0 0 0 0 0 0 0 0 0 0 0 0 0 0 0 0 0 0 0 0 0 0 0 0 0 0 0 0 0 0
foo16 0 0 0 0 0 0 0 0 0 0 0 0 0 0 0 0 0 0 0 0 0 0 0 0 0 0 0 0 0 0 0 0 0 0 0 0 0
foo 3 1 1 0 0 0 0 0 0 0 0 0 0 0 0 0 0 3 9 0 1 0 0 9 0 2 0 0 0 16 0 0 0 0 0 0 0
Outer::foo3 0 0 0 0 0 0 0 0 0 0 0 0 0 0 0 0 0 0 0 0 0 0 0 0 0 0 0 0 0 0 0 0 0 0 0 0 0
Outer::foo 0 0 0 0 0 0 0 0 0 0 0 0 0 0 0 0 0 0 0 0 0 0 0 0 0 0 0 0 0 0 0 0 0 0 0 0 0
captures_named_variable 0 0 0 0 0 0 0 0 0 0 0 0 0 0 0 0 0 0 0 0 0 1 0 0 1 0 0 0 0 0 0 0 0 0 0 0 0
enum_is_scoped 0 0 0 0 0 0 0 0 0 0 0 0 0 0 0 0 0 0 0 0 0 0 0 0 0 0 0 0 0 0 0 0 0 0 0 0 0
enum_specifies_integer_type 0 0 0 0 0 0 0 0 0 0 0 0 0 0 0 0 0 0 0 0 0 0 0 0 0 0 0 0 0 0 0 0 0 0 0 0 0
has_attributes 0 1 1 0 0 0 0 0 0 0 0 0 0 0 0 0 0 1 1 0 1 0 0 1 0 1 0 0 0 1 0 0 0 0 0 0 0
Vehicle 0 1 2.66666666666667 0 0.666666666666667 0 0 0 0 0 0 0 0 0 0 0 0 3 8 0 5 1 0 3 0 3 0 0 0 3 0 0 0 0 0 0 0
something 0 0 0 0 0 0 0 0 0 0 0 0 0 0 0 0 0 0 0 0 0 0 0 0 0 0 0 0 0 0 0 0 0 0 0 0 0
has_auto_specifier 2 0 0 0 0 0 0 0 0 0 0 0 0 0 0 0 0 0 0 0 0 2 0 0 2 0 0 0 0 0 0 0 0 0 0 0 0
has_break 0 1 2 0 1 0 0 0 0 0 0 0 0 0 0 0 0 2 4 0 3 1 0 2 1 2 0 0 0 2 0 0 0 0 0 0 0
has_call 0 1 1 0 0.666666666666667 0 0 0 0 7 0 0 0 0 0 0 0 3 3 0 1 1 0 3 1 3 0 0 0 11 0 0 0 21 0 0 0
has_deduced_type 0 1 1 0 0 0 0 0 0 0 0 0 0 0 0 0 0 1 1 0 1 2 0 1 2 1 0 0 0 1 0 0 0 0 0 0 0
has_default_case 0 1 3 0 1 0 0 0 0 0 0 0 0 0 0 0 0 1 3 0 3 0 0 1 0 1 0 0 0 1 0 0 0 0 0 0 0
Derp 0 1 1 0 0 0 0 0 0 1 0 0 0 0 0 0 0 11 11 0 1 1 0 11 0 11 0 0 0 15 0 0 0 11 0 0 0
Foo1 0 1 1 0 0.5 0 0 0 0 0 0 0 0 0 0 0 0 2 2 0 1 2 0 2 0 0 0 0 0 2 0 0 0 0 0 0 0
Foo2 0 1 1 0 0.75 0 0 0 0 0 0 0 0 0 0 0 0 4 4 0 1 1 0 4 1 4 0 0 0 4 0 0 0 0 0 0 0
Foo3 0 0 0 0 0 0 0 0 0 0 0 0 0 0 0 0 0 0 0 0 0 1 0 0 1 0 0 0 0 0 0 0 0 0 0 0 0
Bar1 1 0 0 0 0 0 0 0 0 0 0 0 0 0 0 0 0 0 0 0 0 0 1 0 0 0 0 0 0 0 0 0 0 0 0 0 0
Bar2 0 0 0 0 0 0 0 0 0 0 0 0 0 0 0 0 0 0 0 0 0 0 0 0 0 0 0 0 0 0 0 0 0 0 0 0 0
Bar3 0 0 0 0 0 0 0 0 0 0 0 0 0 0 0 0 0 0 0 0 0 0 0 0 0 0 0 0 0 0 0 0 0 0 0 0 0
has_function_try 0 1 6 0 1 0 0 0 0 0 0 0 0 0 0 0 0 1 6 0 6 0 0 1 0 1 0 0 0 1 0 0 0 0 0 0 0
has_indexing_expr 1 1 1 0 0.666666666666667 0 0 0 0 1 0 0 0 0 0 0 0 2 3 0 1 1 0 3 1 3 0 0 0 6 0 0 0 2 0 0 0
has_init 0 1 1 0 1 0 0 0 0 0 0 0 0 0 0 0 0 3 3 0 1 0 0 3 0 1 0 0 0 3 0 0 0 0 0 0 0
has_local_storage 0 1 4 0 1 0 0 0 0 0 0 0 0 0 0 0 0 1 4 0 4 2 0 1 2 1 0 0 0 2 0 0 0 0 0 0 0
has_ref_qualifier 0 1 2 0 0 0 0 0 0 0 0 0 0 0 0 0 0 1 2 0 2 0 0 1 0 1 0 0 0 1 0 0 0 0 0 0 0
has_return 0 2.75 3.75 0 0.25 0 0 0 0 0 0 0 0 0 0 0 0 4 15 0 6 1 0 4 1 3 0 0 0 4 0 0 0 0 0 0 0
has_return_scope_test 0 1 6 0 0 0 0 0 0 0 0 0 0 0 0 0 0 1 6 0 6 0 0 1 0 1 0 0 0 1 0 0 0 0 0 0 0
has_throw 0 2.75 3.75 0 0.25 0 0 0 0 0 0 0 0 0 0 0 0 4 15 0 6 1 0 4 1 3 0 0 0 4 0 0 0 0 0 0 0
has_trailing_return_type 0 1 1 0 0 0 0 0 0 0 0 0 0 0 0 0 0 1 1 0 1 0 0 1 0 1 0 0 0 1 0 0 0 0 0 0 0
AbstractCls 0 1 1 0 0 0 0 0 0 0 0 0 0 0 0 0 0 2 2 0 1 0 0 2 0 0 0 0 0 2 0 0 0 0 0 0 0
IFoo 0 1 1 0 0 0 0 0 0 0 0 0 0 0 0 0 0 1 1 0 1 0 0 1 0 1 0 0 0 1 0 0 0 0 0 0 0
is_additive_operator 0 0 0 0 0 0 0 0 0 0 0 0 0 0 0 0 0 0 0 0 0 1 0 0 1 0 0 0 0 0 0 0 0 0 0 0 0
is_aligned 0 1 6 0 1 0 0 0 0 0 0 0 0 0 0 0 0 1 6 0 6 1 0 1 1 1 0 0 0 1 0 0 0 0 0 0 0
sse_t 0 0 0 0 0 0 0 0 0 0 0 0 0 0 0 0 0 0 0 0 0 1 0 0 1 0 0 0 0 0 0 0 0 0 0 0 0
x 0 0 0 0 0 0 0 0 0 0 0 0 0 0 0 0 0 0 0 0 0 0 0 0 0 0 0 0 0 0 0 0 0 0 0 0 0
is_anonymous 0 1 1.5 0 1.125 0 0 0 0 0 0 0 0 0 0 0 0 8 12 0 2 3 0 8 3 7 0 0 0 8 0 0 0 0 0 0 0
'@14' 0 0 0 0 0 0 0 0 0 0 0 0 0 0 0 0 0 0 0 0 0 0 0 0 0 0 0 0 0 0 0 0 0 0 0 0 0
'@15' 0 0 0 0 0 0 0 0 0 0 0 0 0 0 0 0 0 0 0 0 0 0 0 0 0 0 0 0 0 0 0 0 0 0 0 0 0
'@13' 0 0 0 0 0 0 0 0 0 0 0 0 0 0 0 0 0 0 0 0 0 0 0 0 0 0 0 0 0 0 0 0 0 0 0 0 0
is_arithmetic_operator 0 0 0 0 0 0 0 0 0 0 0 0 0 0 0 0 0 0 0 0 0 3 0 0 3 0 0 0 0 0 0 0 0 0 0 0 0
is_array 0 1 1 0 1 0 0 0 0 0 0 0 0 0 0 0 0 2 2 0 1 8 0 2 6 1 0 0 0 2 0 0 0 0 0 0 0
is_assignment_operator 0 0 0 0 0 0 0 0 0 0 0 0 0 0 0 0 0 0 0 0 0 2 0 0 1 0 0 0 0 0 0 0 0 0 0 0 0
is_bitfield 0 2 4 0 0 0 0 0 0 0 0 0 0 0 0 0 0 1 4 0 4 0 0 1 0 1 0 0 0 1 0 0 0 0 0 0 0
is_bitwise_operator 0 0 0 0 0 0 0 0 0 0 0 0 0 0 0 0 0 0 0 0 0 5 0 0 5 0 0 0 0 0 0 0 0 0 0 0 0
is_bound 0 1 1.75 0 1 0 0 0 0 0 0 0 0 0 0 0 0 4 7 0 2 0 0 4 0 3 0 0 0 4 0 0 0 0 0 0 0
is_break_to_label 0 0 0 0 0 0 0 0 0 0 0 0 0 0 0 0 0 0 0 0 0 2 0 0 0 0 0 0 0 0 0 0 0 0 0 0 0
is_capture_all_by_value 0 0 0 0 0 0 0 0 0 0 0 0 0 0 0 0 0 0 0 0 0 1 0 0 1 0 0 0 0 0 0 0 0 0 0 0 0
is_class 0 0 0 0 0 0 0 0 0 0 0 0 0 0 0 0 0 0 0 0 0 0 0 0 0 0 0 0 0 0 0 0 0 0 0 0 0
f 0 0 0 0 0 0 0 0 0 0 0 0 0 0 0 0 0 0 0 0 0 0 0 0 0 0 0 0 0 0 0 0 0 0 0 0 0
'Foo1< vector< T > >' 0 0 0 0 0 0 0 0 0 0 0 0 0 0 0 0 0 0 0 0 0 0 0 0 0 0 0 0 0 0 0 0 0 0 0 0 0
'OuterClass::Foo1< vector< T > >' 0 0 0 0 0 0 0 0 0 0 0 0 0 0 0 0 0 0 0 0 0 0 0 0 0 0 0 0 0 0 0 0 0 0 0 0 0
Name::Bar 0 0 0 0 0 0 0 0 0 0 0 0 0 0 0 0 0 0 0 0 0 0 0 0 0 0 0 0 0 0 0 0 0 0 0 0 0
'Name::Bar< int >' 0 0 0 0 0 0 0 0 0 0 0 0 0 0 0 0 0 0 0 0 0 0 0 0 0 0 0 0 0 0 0 0 0 0 0 0 0
is_closure 0 0 0 0 0 0 0 0 0 0 0 0 0 0 0 0 0 0 0 0 0 1 0 0 1 0 0 0 0 0 0 0 0 0 0 0 0
is_complete 0 1 1.5 0 0 0 0 0 0 0 0 0 0 0 0 0 0 2 3 0 2 0 0 2 0 2 0 0 0 2 0 0 0 0 0 0 0
is_compound_assignment 0 0 0 0 0 0 0 0 0 0 0 0 0 0 0 0 0 0 0 0 0 1 0 0 1 0 0 0 0 0 0 0 0 0 0 0 0
is_const 0 1 2 0 0 0 0 0 0 0 0 0 0 0 0 0 0 2 4 0 3 2 0 2 2 2 0 0 0 2 0 0 0 0 0 0 0
is_constexpr 1 1 1 0 0 0 0 0 0 0 0 0 0 0 0 0 0 1 1 0 1 1 0 1 1 1 0 0 0 2 0 0 0 0 0 0 0
is_constrained 1 1 1.75 0 1 0 0 0 0 0 0 0 0 0 0 0 0 4 7 0 2 0 0 4 0 3 0 0 0 4 0 0 0 0 0 0 0
is_continue_to_label 0 0 0 0 0 0 0 0 0 0 0 0 0 0 0 0 0 0 0 0 0 2 0 0 0 0 0 0 0 0 0 0 0 0 0 0 0
Interface 0 1 1.5 0 0 0 0 0 0 0 0 0 0 0 0 0 0 1 3 0 2 0 0 2 0 2 0 0 0 3 0 0 0 0 0 0 0
is_default_parameter 0 1 1 0 1 0 0 0 0 0 0 0 0 0 0 0 0 3 3 0 1 0 0 3 0 3 0 0 0 3 0 0 0 0 0 0 0
is_deleted 0 1 1 0 0 0 0 0 0 0 0 0 0 0 0 0 0 1 1 0 1 0 0 1 0 1 0 0 0 1 0 0 0 0 0 0 0
is_divisible_operator 0 0 0 0 0 0 0 0 0 0 0 0 0 0 0 0 0 0 0 0 0 1 0 0 1 0 0 0 0 0 0 0 0 0 0 0 0
is_empty_return 0 0 0 0 0 0 0 0 0 0 0 0 0 0 0 0 0 0 0 0 0 3 0 0 3 0 0 0 0 0 0 0 0 0 0 0 0
is_enum 0 0 0 0 0 0 0 0 0 0 0 0 0 0 0 0 0 0 0 0 0 0 0 0 0 0 0 0 0 0 0 0 0 0 0 0 0
is_enum_class 0 0 0 0 0 0 0 0 0 0 0 0 0 0 0 0 0 0 0 0 0 0 0 0 0 0 0 0 0 0 0 0 0 0 0 0 0
C 0 1 3 0 0.666666666666667 0 0 0 0 0 0 0 0 0 0 0 0 3 9 0 4 1 0 3 1 3 0 0 0 3 0 0 0 0 0 0 0
is_extern 0 0 0 0 0 0 0 0 0 0 0 0 0 0 0 0 0 0 0 0 0 2 0 0 2 0 0 0 0 0 0 0 0 0 0 0 0
is_extern_c 1 1 1 0 0 0 0 0 0 0 0 0 0 0 0 0 0 6 8 0 1 2 0 8 2 8 0 0 0 10 0 0 0 0 0 0 0
is_final 0 1 1 0 0 0 0 0 0 0 0 0 0 0 0 0 0 1 1 0 1 0 0 1 0 1 0 0 0 1 0 0 0 0 0 0 0
FooCls 0 0 0 0 0 0 0 0 0 0 0 0 0 0 0 0 0 0 0 0 0 0 0 0 0 0 0 0 0 0 0 0 0 0 0 0 0
is_function_try 0 1 6 0 1 0 0 0 0 0 0 0 0 0 0 0 0 1 6 0 6 0 0 1 0 1 0 0 0 1 0 0 0 0 0 0 0
is_generic 0 1 1.5 0 0.5 0 0 0 0 0 0 0 0 0 0 0 0 4 6 0 2 0 0 4 0 2 0 0 0 4 0 0 0 0 0 0 0
Foo4 0 0 0 0 0 0 0 0 0 0 0 0 0 0 0 0 0 0 0 0 0 0 0 0 0 0 0 0 0 0 0 0 0 0 0 0 0
Foo5 0 0 0 0 0 0 0 0 0 0 0 0 0 0 0 0 0 0 0 0 0 0 0 0 0 0 0 0 0 0 0 0 0 0 0 0 0
Foo6 0 0 0 0 0 0 0 0 0 0 0 0 0 0 0 0 0 0 0 0 0 0 0 0 0 0 0 0 0 0 0 0 0 0 0 0 0
is_global 0 1 3.57142857142857 0 0.285714285714286 0 0 0 0 0 0 0 0 0 0 0 0 5 25 0 10 2 0 7 2 7 0 0 0 9 0 0 0 0 0 0 0
fooNS12::bar 0 0 0 0 0 0 0 0 0 0 0 0 0 0 0 0 0 0 0 0 0 0 0 0 0 0 0 0 0 0 0 0 0 0 0 0 0
Foo17 0 0 0 0 0 0 0 0 0 0 0 0 0 0 0 0 0 0 0 0 0 0 0 0 0 0 0 0 0 0 0 0 0 0 0 0 0
Foo24::bar 0 0 0 0 0 0 0 0 0 0 0 0 0 0 0 0 0 0 0 0 0 0 0 0 0 0 0 0 0 0 0 0 0 0 0 0 0
is_global_scope_operator 0 0 0 0 0 0 0 0 0 0 0 0 0 0 0 0 0 0 0 0 0 1 0 0 1 0 0 0 0 0 0 0 0 0 0 0 0
is_inline 0 1 1 0 0 0 0 0 0 0 0 0 0 0 0 0 0 2 2 0 1 0 0 2 0 2 0 0 0 2 0 0 0 0 0 0 0
is_KnR_C 0 1 4 0 2 0 0 0 0 0 0 0 0 0 0 0 0 2 8 0 6 0 0 2 0 2 0 0 0 2 0 0 0 0 0 0 0
is_logical_operator 0 0 0 0 0 0 0 0 0 0 0 0 0 0 0 0 0 0 0 0 0 1 0 0 1 0 0 0 0 0 0 0 0 0 0 0 0
is_lower_bound 0 1 1.8 0 1 0 0 0 0 0 0 0 0 0 0 0 0 5 9 0 2 0 0 5 0 4 0 0 0 5 0 0 0 0 0 0 0
is_main 0 1 1 0 2 0 0 0 0 0 0 0 0 0 0 0 0 1 3 0 1 0 0 3 0 3 0 0 0 7 0 0 0 0 0 0 0
Temporary 0 1 3 0 1 0 0 0 0 0 0 0 0 1 0 0 0 1 3 0 3 0 0 1 0 1 0 0 0 1 0 0 0 0 0 0 0
is_member 0 1 1 0 0 0 0 0 0 1 0 0 0 0 0 0 0 2 2 0 1 1 0 2 1 2 0 0 0 3 0 0 0 2 0 0 0
Foo::Foo9 0 0 0 0 0 0 0 0 0 0 0 0 0 0 0 0 0 0 0 0 0 0 0 0 0 0 0 0 0 0 0 0 0 0 0 0 0
Foo::Foo10 0 0 0 0 0 0 0 0 0 0 0 0 0 0 0 0 0 0 0 0 0 0 0 0 0 0 0 0 0 0 0 0 0 0 0 0 0
Foo::Foo11 0 0 0 0 0 0 0 0 0 0 0 0 0 0 0 0 0 0 0 0 0 0 0 0 0 0 0 0 0 0 0 0 0 0 0 0 0
THingy 0 0 0 0 0 0 0 0 0 0 0 0 0 0 0 0 0 0 0 0 0 0 0 0 0 0 0 0 0 0 0 0 0 0 0 0 0
is_member_operator 0 0 0 0 0 0 0 0 0 0 0 0 0 0 0 0 0 0 0 0 0 1 0 0 1 0 0 0 0 0 0 0 0 0 0 0 0
is_multi_decl 0 0 0 0 0 0 0 0 0 0 0 0 0 0 0 0 0 0 0 0 0 5 0 0 5 0 0 0 0 0 0 0 0 0 0 0 0
is_multiplicative_operator 0 0 0 0 0 0 0 0 0 0 0 0 0 0 0 0 0 0 0 0 0 1 0 0 1 0 0 0 0 0 0 0 0 0 0 0 0
is_mutable 0 0 0 0 0 0 0 0 0 0 0 0 0 0 0 0 0 0 0 0 0 2 0 0 2 0 0 0 0 0 0 0 0 0 0 0 0
is_mutually_exclusive 2 1 3 0 0.333333333333333 0 0 0 0 1 0 0 0 0 0 0 0 3 9 0 3 1 0 3 0 3 0 0 0 5 0 0 0 3 0 0 0
NativeTest 0 0 0 0 0 0 0 0 0 0 0 0 0 0 0 0 0 0 0 0 0 0 0 0 0 0 0 0 0 0 0 0 0 0 0 0 0
is_nested 0 1 1 0 1 0 0 0 0 0 0 0 0 0 0 0 0 2 2 0 1 1 0 2 1 2 0 0 0 2 0 0 0 0 0 0 0
s 0 1 1 0 0 0 0 0 0 0 0 0 0 0 0 0 0 1 2 0 1 0 0 2 0 0 0 0 0 4 0 0 0 0 0 0 0
is_noexcept 0 1 1 0 0 0 0 0 0 0 0 0 0 0 0 0 0 5 5 0 1 0 0 5 0 5 0 0 0 5 0 0 0 0 0 0 0
is_noreturn 0 1 1 0 0 0 0 0 0 0 0 0 0 0 0 0 0 1 1 0 1 0 0 1 0 1 0 0 0 1 0 0 0 0 0 0 0
is_operator 0 1 2 0 2 0 0 0 0 0 0 0 0 0 0 0 0 1 2 0 2 0 0 1 0 1 0 0 0 1 0 0 0 0 0 0 0
is_override 0 1 2 0 0 0 0 0 0 0 0 0 0 0 0 0 0 1 2 0 2 0 0 1 0 1 0 0 0 1 0 0 0 0 0 0 0
is_parameter_pack 3 1 1 0 2 0 0 0 0 0 0 0 0 0 0 0 0 2 2 0 1 0 0 2 0 2 0 0 0 2 0 0 0 0 0 0 0
'Foo< T14 * >' 0 0 0 0 0 0 0 0 0 0 0 0 0 0 0 0 0 0 0 0 0 0 0 0 0 0 0 0 0 0 0 0 0 0 0 0 0
'Foo<                  std::vector< T2...* >>' 0 0 0 0 0 0 0 0 0 0 0 0 0 1 0 0 0 0 0 0 0 0 0 0 0 0 0 0 0 0 0 0 0 0 0 0 0
is_pointer 3 1 1 0 0.25 0 0 0 0 1 0 0 0 0 0 0 0 4 4 0 1 7 0 4 7 4 0 0 0 6 0 0 0 4 0 0 0
'Foo< std::vector< T15 * > >' 0 0 0 0 0 0 0 0 0 0 0 0 0 0 0 0 0 0 0 0 0 0 0 0 0 0 0 0 0 0 0 0 0 0 0 0 0
is_pointer_member_operator 0 0 0 0 0 0 0 0 0 0 0 0 0 0 0 0 0 0 0 0 0 1 0 0 1 0 0 0 0 0 0 0 0 0 0 0 0
is_private 0 0 0 0 0 0 0 0 0 0 0 0 0 0 0 0 0 0 0 0 0 0 0 0 0 0 0 0 0 0 0 0 0 0 0 0 0
PrivateTest 0 1 1 0 0 0 0 0 0 0 0 0 0 0 0 0 0 2 3 0 1 1 0 3 0 3 0 0 0 4 0 0 0 0 0 0 0
PrivateTest::Inner 0 0 0 0 0 0 0 0 0 0 0 0 0 0 0 0 0 0 0 0 0 0 0 0 0 0 0 0 0 0 0 0 0 0 0 0 0
PrivateTest::PrivateTest 0 0 0 0 0 0 0 0 0 0 0 0 0 0 0 0 0 0 0 0 0 0 0 0 0 0 0 0 0 0 0 0 0 0 0 0 0
Derp::Inner 0 0 0 0 0 0 0 0 0 0 0 0 0 0 0 0 0 0 0 0 0 0 0 0 0 0 0 0 0 0 0 0 0 0 0 0 0
Derp::PrivateTest 0 0 0 0 0 0 0 0 0 0 0 0 0 0 0 0 0 0 0 0 0 0 0 0 0 0 0 0 0 0 0 0 0 0 0 0 0
TestSuper 0 0 0 0 0 0 0 0 0 0 0 0 0 1 0 0 0 0 0 0 0 0 0 0 0 0 0 0 0 0 0 0 0 0 0 0 0
Employee2 0 1 4 0 0 0 0 0 0 0 0 0 0 0 0 0 0 1 4 0 4 1 0 1 0 1 0 0 0 3 0 0 0 0 0 0 0
Employee2::FooCls 0 0 0 0 0 0 0 0 0 0 0 0 0 0 0 0 0 0 0 0 0 0 0 0 0 0 0 0 0 0 0 0 0 0 0 0 0
Employee2::FooCls2 0 0 0 0 0 0 0 0 0 0 0 0 0 0 0 0 0 0 0 0 0 0 0 0 0 0 0 0 0 0 0 0 0 0 0 0 0
IEmployee 0 1 1 0 0 0 0 0 0 0 0 0 0 0 0 0 0 1 1 0 1 0 0 1 0 1 0 0 0 1 0 0 0 0 0 0 0
is_protected 0 0 0 0 0 0 0 0 0 0 0 0 0 0 0 0 0 0 0 0 0 0 0 0 0 0 0 0 0 0 0 0 0 0 0 0 0
is_public 0 0 0 0 0 0 0 0 0 0 0 0 0 0 0 0 0 0 0 0 0 0 0 0 0 0 0 0 0 0 0 0 0 0 0 0 0
IEmployee2 0 1 1 0 0 0 0 0 0 0 0 0 0 0 0 0 0 1 1 0 1 0 0 1 0 1 0 0 0 1 0 0 0 0 0 0 0
is_ranged_for 0 1 2 0 0.5 0 0 0 0 8 0 0 0 0 0 0 0 2 4 0 3 0 0 2 0 2 0 0 0 13 0 0 0 16 0 0 0
is_reference 0 1 1 0 1 0 0 0 0 0 0 0 0 0 0 0 0 1 1 0 1 1 0 1 1 1 0 0 0 1 0 0 0 0 0 0 0
is_register 0 0 0 0 0 0 0 0 0 0 0 0 0 0 0 0 0 0 0 0 0 1 0 0 1 0 0 0 0 0 0 0 0 0 0 0 0
is_relational_operator 0 0 0 0 0 0 0 0 0 0 0 0 0 0 0 0 0 0 0 0 0 1 0 0 1 0 0 0 0 0 0 0 0 0 0 0 0
is_resource_try 0 1 2 0 1 0 0 0 0 0 0 0 0 0 0 0 0 1 2 0 2 0 0 1 0 0 0 0 0 1 0 0 0 0 0 0 0
is_restrict 0 0 0 0 0 0 0 0 0 0 0 0 0 0 0 0 0 0 0 0 0 1 0 0 1 0 0 0 0 0 0 0 0 0 0 0 0
is_rethrow 113 0 0 0 0 0 0 0 0 0 0 0 0 0 0 0 0 0 0 0 0 2 0 0 2 0 0 0 0 0 0 0 0 0 0 0 0
is_rvalue_reference 0 1 1 0 1 0 0 0 0 0 0 0 0 0 0 0 0 1 1 0 1 1 0 1 1 1 0 0 0 1 0 0 0 0 0 0 0
is_scoped_to_file 0 1 1 0 0 0 0 0 0 0 0 0 0 0 0 0 0 3 3 0 1 2 0 3 2 3 0 0 0 4 0 0 0 0 0 0 0
'@748::Foo2' 0 0 0 0 0 0 0 0 0 0 0 0 0 0 0 0 0 0 0 0 0 0 0 0 0 0 0 0 0 0 0 0 0 0 0 0 0
'@748::foo4' 0 0 0 0 0 0 0 0 0 0 0 0 0 0 0 0 0 0 0 0 0 0 0 0 0 0 0 0 0 0 0 0 0 0 0 0 0
'@748::foo6' 0 0 0 0 0 0 0 0 0 0 0 0 0 0 0 0 0 0 0 0 0 1 0 0 1 0 0 0 0 0 0 0 0 0 0 0 0
is_shift_assign_operator 0 0 0 0 0 0 0 0 0 0 0 0 0 0 0 0 0 0 0 0 0 1 0 0 1 0 0 0 0 0 0 0 0 0 0 0 0
is_shift_operator 0 0 0 0 0 0 0 0 0 0 0 0 0 0 0 0 0 0 0 0 0 1 0 0 1 0 0 0 0 0 0 0 0 0 0 0 0
is_single_decl 0 0 0 0 0 0 0 0 0 0 0 0 0 0 0 0 0 0 0 0 0 5 0 0 5 0 0 0 0 0 0 0 0 0 0 0 0
is_static 0 1 2.5 0 0 0 0 0 0 0 0 0 0 0 0 0 0 2 5 0 3 3 0 2 2 1 0 0 0 2 0 0 0 0 0 0 0
is_subtraction_operator 0 0 0 0 0 0 0 0 0 0 0 0 0 0 0 0 0 0 0 0 0 1 0 0 1 0 0 0 0 0 0 0 0 0 0 0 0
is_template 0 1 1.33333333333333 0 0.333333333333333 0 0 0 0 0 0 0 0 0 0 0 0 2 4 0 2 2 0 3 1 2 0 0 0 5 0 0 0 0 0 0 0
NodeConcrete 0 0 0 0 0 0 0 0 0 0 0 0 0 0 0 0 0 0 0 0 0 0 0 0 0 0 0 0 0 0 0 0 0 0 0 0 0
'NodeConcrete< Foo4 >' 0 0 0 0 0 0 0 0 0 0 0 0 0 0 0 0 0 0 0 0 0 0 0 0 0 0 0 0 0 0 0 0 0 0 0 0 0
is_template_parameter 0 1 1.33333333333333 0 0.333333333333333 0 0 0 0 0 0 0 0 0 0 0 0 2 4 0 2 2 0 3 1 2 0 0 0 5 0 0 0 0 0 0 0
is_template_parameter_pack 0 1 2 0 0 0 0 0 0 0 0 0 0 0 0 0 0 1 2 0 2 0 0 1 0 1 0 0 0 1 0 0 0 0 0 0 0
Something 0 0 0 0 0 0 0 0 0 0 0 0 0 0 0 0 0 0 0 0 0 0 0 0 0 0 0 0 0 0 0 0 0 0 0 0 0
somehting 0 0 0 0 0 0 0 0 0 0 0 0 0 0 0 0 0 0 0 0 0 0 0 0 0 0 0 0 0 0 0 0 0 0 0 0 0
is_thread_local 0 0 0 0 0 0 0 0 0 0 0 0 0 0 0 0 0 0 0 0 0 1 0 0 1 0 0 0 0 0 0 0 0 0 0 0 0
is_type_alias 0 0 0 0 0 0 0 0 0 0 0 0 0 0 0 0 0 0 0 0 0 0 0 0 0 0 0 0 0 0 0 0 0 0 0 0 0
is_type_definition 0 0 0 0 0 0 0 0 0 0 0 0 0 0 0 0 0 0 0 0 0 0 0 0 0 0 0 0 0 0 0 0 0 0 0 0 0
foo2 0 0 0 0 0 0 0 0 0 0 0 0 0 0 0 0 0 0 0 0 0 0 0 0 0 0 0 0 0 0 0 0 0 0 0 0 0
thigny 0 0 0 0 0 0 0 0 0 0 0 0 0 0 0 0 0 0 0 0 0 0 0 0 0 0 0 0 0 0 0 0 0 0 0 0 0
is_unbound 0 1 1.75 0 1 0 0 0 0 0 0 0 0 0 0 0 0 4 7 0 2 0 0 4 0 3 0 0 0 4 0 0 0 0 0 0 0
is_unsigned_shift_operator 0 0 0 0 0 0 0 0 0 0 0 0 0 0 0 0 0 0 0 0 0 2 0 0 0 0 0 0 0 0 0 0 0 0 0 0 0
is_upper_bound 0 1 1.8 0 1 0 0 0 0 0 0 0 0 0 0 0 0 5 9 0 2 0 0 5 0 4 0 0 0 5 0 0 0 0 0 0 0
is_using_access_decl 0 0 0 0 0 0 0 0 0 0 0 0 0 0 0 0 0 0 0 0 0 0 0 0 0 0 0 0 0 0 0 0 0 0 0 0 0
is_using_namespace 0 0 0 0 0 0 0 0 0 0 0 0 0 0 0 0 0 0 0 0 0 0 0 0 0 0 0 0 0 0 0 0 0 0 0 0 0
derp 0 0 0 0 0 0 0 0 0 0 0 0 0 0 0 0 0 0 0 0 0 0 0 0 0 0 0 0 0 0 0 0 0 0 0 0 0
is_volatile 0 1 2 0 0 0 0 0 0 2 0 0 0 0 0 0 0 2 4 0 3 2 0 2 2 2 0 0 0 4 0 0 0 4 0 0 0
is_wildcard 0 1 1.8 0 1 0 0 0 0 0 0 0 0 0 0 0 0 5 9 0 2 0 0 5 0 4 0 0 0 5 0 0 0 0 0 0 0
return 0 2.75 3.75 0 0.25 0 0 0 0 0 0 0 0 0 0 0 0 4 15 0 6 1 0 4 1 3 0 0 0 4 0 0 0 0 0 0 0
return_scope_test 0 1 6 0 0 0 0 0 0 0 0 0 0 0 0 0 0 1 6 0 6 0 0 1 0 1 0 0 0 1 0 0 0 0 0 0 0
test_Language 0 1 41 0 0 0 0 0 0 1 0 0 0 0 0 0 0 1 41 0 41 0 0 1 0 1 0 0 0 3 0 0 0 1 0 0 0
test_srcMLState 0 2 173 0 0 0 0 0 0 0 0 0 0 0 0 0 0 1 173 0 173 0 0 1 0 1 0 0 0 1 0 0 0 0 0 0 0
test_UTF8CharBuffer 0 19 567 0 0 0 0 0 0 1 0 0 0 0 0 0 0 1 567 0 567 0 0 1 0 1 0 0 0 3 0 0 0 1 0 0 0
URIStream_t 0 2 8 0 0 0 0 0 0 1 0 0 0 0 0 0 0 1 8 0 8 0 0 1 0 1 0 0 0 2 0 0 0 1 0 0 0
timing_driver 0 11 78 0 2 0 0 0 0 2 0 0 0 0 0 0 0 1 78 0 78 0 0 1 0 1 0 0 0 3 0 0 0 2 0 0 0
com::rolemodelsoft::drawlet::awt::BufferedDrawingCanvasComponent 13 1.2 3.1 0 0.7 0 0 0 0 1 0 0 0 2 0 0 0 6 31 0 5 2 0 10 0 10 0 0 0 22 0 0 0 6 0 0 0
com::rolemodelsoft::drawlet::awt::CanvasPalette 3 1.4 3.8 0 0.8 0 0 0 0 1 0 0 0 1 0 0 0 5 19 0 6 1 3 5 0 3 0 0 0 6 0 0 0 5 0 0 0
com::rolemodelsoft::drawlet::awt::ColorButton 2 1.22222222222222 4.55555555555556 0 0.814814814814815 0 0 0 0 2 0 0 0 1 0 0 0 27 123 0 10 6 0 27 0 25 0 0 0 34 0 0 0 54 0 0 0
com::rolemodelsoft::drawlet::awt::DrawingCanvasComponent 194 1.5 4.75 0 0.5 0 0 0 0 1 0 0 0 1 0 0 0 4 38 0 10 1 1 8 0 7 0 0 0 16 0 0 0 4 0 0 0
com::rolemodelsoft::drawlet::awt::ImageButton 1 1.25925925925926 4.66666666666667 0 0.814814814814815 0 0 0 0 2 0 0 0 1 0 0 0 27 126 0 10 6 0 27 0 24 0 0 0 33 0 0 0 54 0 0 0
com::rolemodelsoft::drawlet::awt::PaintableViewer 0 1.375 5.25 0 0.5 0 0 0 0 3 0 0 0 1 0 0 0 8 42 0 9 1 0 8 0 8 0 0 0 14 0 0 0 24 0 0 0
com::rolemodelsoft::drawlet::awt::StylePalette 2 2.25 15 0 0.875 0 0 0 0 9 0 0 0 2 0 0 0 8 120 0 32 7 0 8 0 8 0 0 0 36 0 0 0 72 0 0 0
com::rolemodelsoft::drawlet::awt::ToolBar 2 2 11.3333333333333 0 1.33333333333333 0 0 0 0 3 0 0 0 2 0 0 0 3 34 0 18 1 0 3 0 3 0 0 0 9 0 0 0 9 0 0 0
com::rolemodelsoft::drawlet::awt::ToolPalette 4 1.4 6 0 1.8 0 0 0 0 2 0 0 0 2 0 0 0 5 30 0 10 2 0 5 0 4 0 0 0 8 0 0 0 10 0 0 0
com::rolemodelsoft::drawlet::basics::AbstractFigure 56 1.625 5.8125 0 1.0625 0 0 0 0 10 0 0 0 3 0 0 0 46 279 0 17 2 2 48 0 33 0 0 0 78 0 0 0 460 0 0 0
com::rolemodelsoft::drawlet::basics::AbstractInputEventHandler 37 1.07692307692308 2.38461538461538 0 0.923076923076923 0 0 0 0 1 0 0 0 2 0 0 0 13 31 0 6 0 2 13 0 11 0 0 0 14 0 0 0 13 0 0 0
com::rolemodelsoft::drawlet::basics::AbstractLocator 14 1.22222222222222 3.77777777777778 0 0.222222222222222 0 0 0 0 2 0 0 0 3 0 0 0 9 34 0 8 0 5 9 0 9 0 0 0 13 0 0 0 18 0 0 0
com::rolemodelsoft::drawlet::basics::AbstractPaintable 34 1 3 0 0.1 0 0 0 0 1 0 0 0 1 0 0 0 10 30 0 4 0 3 10 0 10 0 0 0 11 0 0 0 10 0 0 0
com::rolemodelsoft::drawlet::basics::BoxSelectionHandle 0 1.55555555555556 6.33333333333333 0 1.33333333333333 0 0 0 0 8 0 0 0 4 0 0 0 9 57 0 26 4 0 9 0 7 0 0 0 28 0 0 0 72 0 0 0
com::rolemodelsoft::drawlet::basics::CanvasHandle 18 1.06666666666667 3.33333333333333 0 0.666666666666667 0 0 0 0 5 0 0 0 3 0 0 0 15 50 0 5 4 4 15 0 10 0 0 0 32 0 0 0 75 0 0 0
com::rolemodelsoft::drawlet::basics::CanvasTool 16 1 3.33333333333333 0 1 0 0 0 0 4 0 0 0 3 0 0 0 3 10 0 4 1 2 3 0 1 0 0 0 11 0 0 0 12 0 0 0
com::rolemodelsoft::drawlet::basics::ConstructionTool 12 1.33333333333333 4.16666666666667 0 1.33333333333333 0 0 0 0 7 0 0 0 4 0 0 0 6 25 0 6 1 3 6 0 3 0 0 0 17 0 0 0 42 0 0 0
com::rolemodelsoft::drawlet::basics::DrawingPoint 8 1 3.42857142857143 0 1.14285714285714 0 0 0 0 1 0 0 0 4 0 0 0 7 24 0 4 2 0 7 0 7 0 0 0 12 0 0 0 7 0 0 0
com::rolemodelsoft::drawlet::basics::EdgeLocator 2 1.625 9 0 1.125 0 0 0 0 3 0 0 0 4 0 0 0 8 72 0 40 4 0 8 0 5 0 0 0 15 0 0 0 24 0 0 0
com::rolemodelsoft::drawlet::basics::FigureRelativePoint 9 1.13333333333333 4.13333333333333 0 1 0 0 0 0 3 0 0 0 4 0 0 0 15 62 0 8 5 1 15 0 11 0 0 0 20 0 0 0 45 0 0 0
com::rolemodelsoft::drawlet::basics::FigureTransfer 1 2.2 5.2 0 1 0 0 0 0 0 0 0 0 1 0 0 0 5 26 0 14 2 0 5 1 5 0 0 0 5 0 0 0 0 0 0 0
com::rolemodelsoft::drawlet::basics::FigureVectorEnumerator 0 1.33333333333333 5 0 0.333333333333333 0 0 0 0 1 0 0 0 1 0 0 0 3 15 0 8 0 0 3 0 3 0 0 0 4 0 0 0 3 0 0 0
com::rolemodelsoft::drawlet::basics::LocatorConnectionHandle 0 1.71428571428571 7.35714285714286 0 0.5 0 0 0 0 9 0 0 0 4 0 0 0 14 103 0 25 5 0 14 0 9 0 0 0 51 0 0 0 126 0 0 0
com::rolemodelsoft::drawlet::basics::PolarCoordinate 6 1 3.2 0 0.4 0 0 0 0 0 0 0 0 4 0 0 0 5 16 0 4 2 0 5 0 5 0 0 0 5 0 0 0 0 0 0 0
com::rolemodelsoft::drawlet::basics::PrototypeConstructionTool 0 1 4.5 0 2 0 0 0 0 4 0 0 0 5 0 0 0 2 9 0 5 1 0 2 0 1 0 0 0 6 0 0 0 8 0 0 0
com::rolemodelsoft::drawlet::basics::RelativePoint 0 1.38461538461538 5 0 0.846153846153846 0 0 0 0 5 0 0 0 4 0 0 0 12 65 0 11 3 0 13 0 11 0 0 0 31 0 0 0 60 0 0 0
com::rolemodelsoft::drawlet::basics::SelectionTool 2 4.4 21.2 0 1.4 0 0 0 0 10 0 0 0 4 0 0 0 5 106 0 50 3 1 5 0 4 0 0 0 38 0 0 0 50 0 0 0
com::rolemodelsoft::drawlet::basics::SimpleDrawing 22 1.71875 5.59375 0 0.9375 0 0 0 0 7 0 0 0 3 0 0 0 32 179 0 13 6 0 32 0 23 0 0 0 49 0 0 0 224 0 0 0
com::rolemodelsoft::drawlet::basics::SimpleDrawingCanvas 4 1.74736842105263 6.26315789473684 0 0.715789473684211 0 0 0 0 13 0 0 0 3 0 0 0 95 595 0 31 11 0 95 0 58 0 0 0 210 0 0 0 1235 0 0 0
com::rolemodelsoft::drawlet::basics::SimpleDrawingStyle 1 1.23333333333333 3.76666666666667 0 0.366666666666667 0 0 0 0 2 0 0 0 3 0 0 0 30 113 0 9 9 1 30 0 21 0 0 0 39 0 0 0 60 0 0 0
com::rolemodelsoft::drawlet::basics::SquareCanvasHandle 14 1 2 0 0.25 0 0 0 0 1 0 0 0 4 0 0 0 4 8 0 3 0 4 4 0 2 0 0 0 5 0 0 0 4 0 0 0
com::rolemodelsoft::drawlet::basics::TC_AbstractFigure 6 1.08108108108108 6.72972972972973 0 0.135135135135135 0 0 0 0 9 0 0 0 2 0 0 0 37 249 0 17 3 6 37 0 35 0 0 0 128 0 0 0 333 0 0 0
com::rolemodelsoft::drawlet::basics::TC_CanvasTool 0 1 4.33333333333333 0 0.333333333333333 0 0 0 0 3 0 0 0 2 0 0 0 3 13 0 6 0 0 3 0 3 0 0 0 7 0 0 0 9 0 0 0
com::rolemodelsoft::drawlet::basics::TC_DrawingPoint 0 1 5.21428571428571 0 0.0714285714285714 0 0 0 0 3 0 0 0 2 0 0 0 14 73 0 9 0 0 14 0 14 0 0 0 34 0 0 0 42 0 0 0
com::rolemodelsoft::drawlet::basics::TC_EdgeLocator 0 1 4.6 0 0.1 0 0 0 0 4 0 0 0 2 0 0 0 10 46 0 9 2 0 10 0 10 0 0 0 23 0 0 0 40 0 0 0
com::rolemodelsoft::drawlet::basics::TC_FigureRelativePoint 0 1 5.4 0 0.1 0 0 0 0 4 0 0 0 2 0 0 0 10 54 0 9 2 0 10 0 10 0 0 0 25 0 0 0 40 0 0 0
com::rolemodelsoft::drawlet::basics::TC_PolarCoordinate 0 1 5.3 0 0.1 0 0 0 0 3 0 0 0 2 0 0 0 10 53 0 9 0 0 10 0 10 0 0 0 22 0 0 0 30 0 0 0
com::rolemodelsoft::drawlet::basics::TC_SimpleDrawing 0 1 6.45454545454545 0 0.0454545454545455 0 0 0 0 6 0 0 0 2 0 0 0 22 142 0 11 3 0 22 0 22 0 0 0 88 0 0 0 132 0 0 0
com::rolemodelsoft::drawlet::basics::TC_SimpleDrawingCanvas 0 1.06666666666667 6.13333333333333 0 0.0222222222222222 0 0 0 0 13 0 0 0 2 0 0 0 45 276 0 15 0 0 45 0 45 0 0 0 211 0 0 0 585 0 0 0
com::rolemodelsoft::drawlet::basics::TS_InputEventHandlerTests 1 1 6.66666666666667 0 0.666666666666667 0 0 0 0 3 0 0 0 2 0 0 0 3 20 0 14 0 0 3 0 3 0 0 0 6 0 0 0 9 0 0 0
com::rolemodelsoft::drawlet::ComponentHolder 1 1 1 0 0.5 0 0 0 0 0 0 0 0 0 0 0 0 2 2 0 1 0 1 2 0 2 0 0 0 2 0 0 0 0 0 0 0
com::rolemodelsoft::drawlet::Drawing 17 1 1 0 0.8 0 0 0 0 0 0 0 0 2 0 0 0 10 10 0 1 2 1 10 2 10 0 0 0 10 0 0 0 0 0 0 0
com::rolemodelsoft::drawlet::DrawingCanvas 92 1 1 0 0.954545454545455 0 0 0 0 0 0 0 0 2 0 0 0 22 22 0 1 0 1 22 0 22 0 0 0 22 0 0 0 0 0 0 0
com::rolemodelsoft::drawlet::DrawingStyle 29 1 1 0 0.5 0 0 0 0 0 0 0 0 2 0 0 0 18 18 0 1 0 1 18 0 18 0 0 0 18 0 0 0 0 0 0 0
com::rolemodelsoft::drawlet::examples::awt::ExitingFrame 2 1.1 6.1 0 0.9 0 0 0 0 0 0 0 0 1 0 0 0 10 61 0 9 0 2 10 0 10 0 0 0 10 0 0 0 0 0 0 0
com::rolemodelsoft::drawlet::examples::awt::FullApplet 1 1.33333333333333 9 0 0 0 0 0 0 1 0 0 0 2 0 0 0 3 27 0 14 0 1 3 0 3 0 0 0 4 0 0 0 3 0 0 0
com::rolemodelsoft::drawlet::examples::awt::FullPanel 1 1.4 8.4 0 0.4 0 0 0 0 1 0 0 0 2 0 0 0 5 42 0 14 0 1 5 0 4 0 0 0 6 0 0 0 5 0 0 0
com::rolemodelsoft::drawlet::examples::awt::FullScrollingApplet 0 1 7 0 0 0 0 0 0 2 0 0 0 3 0 0 0 1 7 0 7 0 0 1 0 0 0 0 0 3 0 0 0 2 0 0 0
com::rolemodelsoft::drawlet::examples::awt::FullScrollingPanel 0 1.25 6.5 0 0.5 0 0 0 0 2 0 0 0 3 0 0 0 4 26 0 13 0 0 4 0 3 0 0 0 6 0 0 0 8 0 0 0
com::rolemodelsoft::drawlet::examples::awt::SimpleApplet 2 1.71428571428571 20.1428571428571 0 0.142857142857143 0 0 0 0 9 0 0 0 1 0 0 0 7 141 0 39 4 1 7 0 6 0 0 0 25 0 0 0 63 0 0 0
com::rolemodelsoft::drawlet::examples::awt::SimpleModelPanel 0 2.1 10 0 0.4 0 0 0 0 4 0 0 0 2 0 0 0 10 100 0 29 3 0 10 0 7 0 0 0 15 0 0 0 40 0 0 0
com::rolemodelsoft::drawlet::examples::awt::SimplePanel 3 1.6 15.7 0 0.4 0 0 0 0 9 0 0 0 1 0 0 0 10 157 0 40 4 2 10 0 8 0 0 0 28 0 0 0 90 0 0 0
com::rolemodelsoft::drawlet::examples::awt::SimplestApplet 0 1 15.5 0 0 0 0 0 0 5 0 0 0 1 0 0 0 2 31 0 28 2 0 2 0 2 0 0 0 8 0 0 0 10 0 0 0
com::rolemodelsoft::drawlet::examples::awt::SimplestPanel 0 1.2 10.8 0 0.6 0 0 0 0 5 0 0 0 1 0 0 0 5 54 0 31 1 0 5 0 4 0 0 0 12 0 0 0 25 0 0 0
com::rolemodelsoft::drawlet::examples::graphnode::ArrowGraphNode 0 1.5 4 0 1.5 0 0 0 0 0 0 0 0 9 0 0 0 2 8 0 5 0 0 2 0 1 0 0 0 2 0 0 0 0 0 0 0
com::rolemodelsoft::drawlet::examples::graphnode::ArrowGraphNodeApplet 0 1 6.5 0 0 0 0 0 0 3 0 0 0 1 0 0 0 2 13 0 10 0 0 2 0 2 0 0 0 6 0 0 0 6 0 0 0
com::rolemodelsoft::drawlet::examples::graphnode::ArrowGraphNodeTool 0 1 3 0 0.5 0 0 0 0 1 0 0 0 6 0 0 0 2 6 0 3 0 0 2 0 1 0 0 0 3 0 0 0 2 0 0 0
com::rolemodelsoft::drawlet::examples::graphnode::GraphNode 1 1.14285714285714 4.33333333333333 0 0.571428571428571 0 0 0 0 4 0 0 0 8 0 0 0 21 91 0 7 3 1 21 0 12 0 0 0 28 0 0 0 84 0 0 0
com::rolemodelsoft::drawlet::examples::graphnode::GraphNodeApplet 0 1 6.5 0 0 0 0 0 0 3 0 0 0 1 0 0 0 2 13 0 10 0 0 2 0 2 0 0 0 6 0 0 0 6 0 0 0
com::rolemodelsoft::drawlet::examples::graphnode::GraphNodeTool 1 1.33333333333333 6 0 0.666666666666667 0 0 0 0 6 0 0 0 5 0 0 0 3 18 0 12 0 1 3 0 1 0 0 0 11 0 0 0 18 0 0 0
com::rolemodelsoft::drawlet::examples::jfc::ExitingFrame 0 1.1 6.1 0 0.9 0 0 0 0 0 0 0 0 1 0 0 0 10 61 0 9 0 0 10 0 10 0 0 0 10 0 0 0 0 0 0 0
com::rolemodelsoft::drawlet::examples::jfc::SimpleModelPanel 0 1.25 9.875 0 0.625 0 0 0 0 4 0 0 0 2 0 0 0 8 79 0 42 2 0 8 0 5 0 0 0 14 0 0 0 32 0 0 0
com::rolemodelsoft::drawlet::examples::jfc::SimplePanel 2 1.33333333333333 9.22222222222222 0 0.555555555555556 0 0 0 0 4 0 0 0 1 0 0 0 9 83 0 19 2 2 9 0 7 0 0 0 17 0 0 0 36 0 0 0
com::rolemodelsoft::drawlet::examples::jfc::SimpleScrollingPanel 0 1.16666666666667 5.16666666666667 0 0.833333333333333 0 0 0 0 1 0 0 0 2 0 0 0 6 31 0 13 0 0 6 0 5 0 0 0 7 0 0 0 6 0 0 0
com::rolemodelsoft::drawlet::examples::jfc::SimplestPanel 0 1.16666666666667 9.5 0 0.833333333333333 0 0 0 0 4 0 0 0 1 0 0 0 6 57 0 31 0 0 6 0 5 0 0 0 11 0 0 0 24 0 0 0
com::rolemodelsoft::drawlet::examples::SingleDrawingModel 1 1.85714285714286 8.28571428571429 0 0.571428571428571 0 0 0 0 2 0 0 0 2 0 0 0 7 58 0 23 0 0 7 0 7 0 0 0 12 0 0 0 14 0 0 0
com::rolemodelsoft::drawlet::Figure 95 1 1 0 1.18518518518519 0 0 0 0 0 0 0 0 2 0 0 0 27 27 0 1 9 3 27 9 27 0 0 0 27 0 0 0 0 0 0 0
com::rolemodelsoft::drawlet::FigureEnumeration 16 1 1 0 0 0 0 0 0 0 0 0 0 0 0 0 0 2 2 0 1 0 1 2 0 2 0 0 0 2 0 0 0 0 0 0 0
com::rolemodelsoft::drawlet::FigureHolder 17 1 1 0 0.5 0 0 0 0 0 0 0 0 0 0 0 0 2 2 0 1 0 6 2 0 2 0 0 0 2 0 0 0 0 0 0 0
com::rolemodelsoft::drawlet::Handle 25 1 1 0 1 0 0 0 0 0 0 0 0 2 0 0 0 6 6 0 1 0 1 6 0 6 0 0 0 6 0 0 0 0 0 0 0
com::rolemodelsoft::drawlet::InputEventHandler 58 0 0 0 0 0 0 0 0 0 0 0 0 1 0 0 0 0 0 0 0 0 3 0 0 0 0 0 0 0 0 0 0 0 0 0 0
com::rolemodelsoft::drawlet::jfc::CanvasAction 0 1.16666666666667 4.16666666666667 0 1.83333333333333 0 0 0 0 3 0 0 0 1 0 0 0 6 25 0 6 0 0 6 0 6 0 0 0 15 0 0 0 18 0 0 0
com::rolemodelsoft::drawlet::jfc::CanvasToolAction 0 1 3.66666666666667 0 1.83333333333333 0 0 0 0 4 0 0 0 1 0 0 0 6 22 0 5 0 0 6 0 6 0 0 0 16 0 0 0 24 0 0 0
com::rolemodelsoft::drawlet::jfc::JDrawingCanvasComponent 2 1.5 4.875 0 0.5 0 0 0 0 2 0 0 0 1 0 0 0 8 39 0 10 1 0 8 0 7 0 0 0 17 0 0 0 16 0 0 0
com::rolemodelsoft::drawlet::LabelHolder 3 1 1 0 0 0 0 0 0 0 0 0 0 1 0 0 0 1 1 0 1 0 2 1 0 1 0 0 0 1 0 0 0 0 0 0 0
com::rolemodelsoft::drawlet::LineFigure 18 1 1 0 1.16666666666667 0 0 0 0 0 0 0 0 3 0 0 0 6 6 0 1 0 1 6 0 6 0 0 0 6 0 0 0 0 0 0 0
com::rolemodelsoft::drawlet::Locator 75 1 1 0 0 0 0 0 0 0 0 0 0 2 0 0 0 4 4 0 1 0 3 4 0 4 0 0 0 4 0 0 0 0 0 0 0
com::rolemodelsoft::drawlet::MovableLocator 7 1 1 0 1.5 0 0 0 0 0 0 0 0 3 0 0 0 4 4 0 1 0 2 4 0 4 0 0 0 4 0 0 0 0 0 0 0
com::rolemodelsoft::drawlet::Paintable 102 1 1 0 0.111111111111111 0 0 0 0 0 0 0 0 0 0 0 0 9 9 0 1 0 4 9 0 9 0 0 0 9 0 0 0 0 0 0 0
com::rolemodelsoft::drawlet::PolygonFigure 11 1 1 0 0.5 0 0 0 0 0 0 0 0 3 0 0 0 2 2 0 1 0 1 2 0 2 0 0 0 2 0 0 0 0 0 0 0
com::rolemodelsoft::drawlet::PropertyChangeRevealer 6 1 3.25 0 0.25 0 0 0 0 0 0 0 0 1 0 0 0 4 13 0 4 0 0 4 0 4 0 0 0 4 0 0 0 0 0 0 0
com::rolemodelsoft::drawlet::RelatedLocationListener 9 1 1 0 1 0 0 0 0 0 0 0 0 0 0 0 0 4 4 0 1 0 4 4 0 4 0 0 0 4 0 0 0 0 0 0 0
com::rolemodelsoft::drawlet::RelatedLocationRevealer 3 1 3.66666666666667 0 0.666666666666667 0 0 0 0 0 0 0 0 1 0 0 0 6 22 0 4 0 0 6 0 6 0 0 0 6 0 0 0 0 0 0 0
com::rolemodelsoft::drawlet::RelativeLocator 2 1 1 0 0 0 0 0 0 0 0 0 0 3 0 0 0 1 1 0 1 0 2 1 0 1 0 0 0 1 0 0 0 0 0 0 0
com::rolemodelsoft::drawlet::SequenceOfFigures 55 1 1 0 1.5 0 0 0 0 0 0 0 0 1 0 0 0 10 10 0 1 0 2 10 0 10 0 0 0 10 0 0 0 0 0 0 0
com::rolemodelsoft::drawlet::shapes::AbstractRectangleShape 5 1.07142857142857 3.78571428571429 0 1.14285714285714 0 0 0 0 2 0 0 0 6 0 0 0 14 53 0 6 4 3 14 0 5 0 0 0 20 0 0 0 28 0 0 0
com::rolemodelsoft::drawlet::shapes::AbstractShape 13 1.11111111111111 5.44444444444444 0 2.11111111111111 0 0 0 0 3 0 0 0 4 0 0 0 9 49 0 12 0 3 9 0 5 0 0 0 14 0 0 0 27 0 0 0
com::rolemodelsoft::drawlet::shapes::BottomHandle 0 1 3.66666666666667 0 1 0 0 0 0 1 0 0 0 6 0 0 0 3 11 0 5 0 0 3 0 2 0 0 0 4 0 0 0 3 0 0 0
com::rolemodelsoft::drawlet::shapes::BottomLeftHandle 0 1 4 0 1 0 0 0 0 1 0 0 0 6 0 0 0 3 12 0 6 0 0 3 0 2 0 0 0 4 0 0 0 3 0 0 0
com::rolemodelsoft::drawlet::shapes::BottomRightHandle 0 1 3.66666666666667 0 1 0 0 0 0 1 0 0 0 6 0 0 0 3 11 0 5 0 0 3 0 2 0 0 0 4 0 0 0 3 0 0 0
com::rolemodelsoft::drawlet::shapes::BoundsHandle 8 1 3.77777777777778 0 1.11111111111111 0 0 0 0 7 0 0 0 5 0 0 0 9 34 0 7 2 8 9 0 8 0 0 0 22 0 0 0 63 0 0 0
com::rolemodelsoft::drawlet::shapes::ellipses::Ellipse 0 2.25 9.625 0 1.375 0 0 0 0 3 0 0 0 7 0 0 0 8 77 0 29 0 0 8 0 8 0 0 0 16 0 0 0 24 0 0 0
com::rolemodelsoft::drawlet::shapes::ellipses::EllipseTool 0 1.33333333333333 7.66666666666667 0 1.33333333333333 0 0 0 0 6 0 0 0 6 0 0 0 3 23 0 15 0 0 3 0 2 0 0 0 10 0 0 0 18 0 0 0
com::rolemodelsoft::drawlet::shapes::ellipses::TC_Ellipse 0 1 12 0 0.142857142857143 0 0 0 0 3 0 0 0 3 0 0 0 7 84 0 30 0 0 7 0 6 0 0 0 12 0 0 0 21 0 0 0
com::rolemodelsoft::drawlet::shapes::ellipses::TS_EllipseTests 1 1 4.33333333333333 0 0.666666666666667 0 0 0 0 3 0 0 0 2 0 0 0 3 13 0 7 0 0 3 0 3 0 0 0 6 0 0 0 9 0 0 0
com::rolemodelsoft::drawlet::shapes::FilledShape 7 1.1875 3.6875 0 0.75 0 0 0 0 3 0 0 0 5 0 0 0 16 59 0 8 2 2 16 0 12 0 0 0 23 0 0 0 48 0 0 0
com::rolemodelsoft::drawlet::shapes::LeftHandle 0 1 4 0 1 0 0 0 0 1 0 0 0 6 0 0 0 3 12 0 6 0 0 3 0 2 0 0 0 4 0 0 0 3 0 0 0
com::rolemodelsoft::drawlet::shapes::lines::AdornedLine 4 1.8125 5.8125 0 1.8125 0 0 0 0 5 0 0 0 8 0 0 0 16 93 0 13 2 0 16 0 11 0 0 0 34 0 0 0 80 0 0 0
com::rolemodelsoft::drawlet::shapes::lines::AdornedLineCreationHandle 0 1 3.66666666666667 0 1.33333333333333 0 0 0 0 2 0 0 0 6 0 0 0 3 11 0 5 0 0 3 0 2 0 0 0 5 0 0 0 6 0 0 0
com::rolemodelsoft::drawlet::shapes::lines::AdornedLineTool 0 1 4 0 1.5 0 0 0 0 3 0 0 0 8 0 0 0 2 8 0 5 0 0 2 0 1 0 0 0 5 0 0 0 6 0 0 0
com::rolemodelsoft::drawlet::shapes::lines::Arrow 1 1.16666666666667 4.20833333333333 0 0.625 0 0 0 0 5 0 0 0 5 0 0 0 24 101 0 13 7 0 24 2 10 0 0 0 37 0 0 0 120 0 0 0
com::rolemodelsoft::drawlet::shapes::lines::ArrowStyle 7 1.11111111111111 3.88888888888889 0 0.555555555555556 0 0 0 0 0 0 0 0 4 0 0 0 9 35 0 10 3 0 9 0 7 0 0 0 9 0 0 0 0 0 0 0
com::rolemodelsoft::drawlet::shapes::lines::ConnectedLineCreationHandle 1 1.5625 5.625 0 1 0 0 0 0 10 0 0 0 5 0 0 0 16 90 0 22 3 1 16 0 10 0 0 0 40 0 0 0 160 0 0 0
com::rolemodelsoft::drawlet::shapes::lines::ConnectingLine 1 1.70588235294118 5.05882352941176 0 1.47058823529412 0 0 0 0 4 0 0 0 7 0 0 0 17 86 0 12 1 1 17 0 12 0 0 0 25 0 0 0 68 0 0 0
com::rolemodelsoft::drawlet::shapes::lines::ConnectingLinePointHandle 0 1.75 7.5 0 1 0 0 0 0 7 0 0 0 6 0 0 0 4 30 0 17 0 0 4 0 3 0 0 0 15 0 0 0 28 0 0 0
com::rolemodelsoft::drawlet::shapes::lines::ConnectingLineTool 1 3.25 15.5 0 1.25 0 0 0 0 11 0 0 0 7 0 0 0 4 62 0 38 0 1 4 0 3 0 0 0 33 0 0 0 44 0 0 0
com::rolemodelsoft::drawlet::shapes::lines::DrawLineTool 0 2 9.33333333333333 0 1.5 0 0 0 0 10 0 0 0 6 0 0 0 6 56 0 27 0 0 6 0 4 0 0 0 33 0 0 0 60 0 0 0
com::rolemodelsoft::drawlet::shapes::lines::Line 2 1.71428571428571 5.95238095238095 0 1.19047619047619 0 0 0 0 4 0 0 0 6 0 0 0 20 125 0 13 2 1 21 0 11 0 0 0 35 0 0 0 80 0 0 0
com::rolemodelsoft::drawlet::shapes::lines::LinearShape 3 1.69230769230769 6.42307692307692 0 1.38461538461538 0 0 0 0 7 0 0 0 5 0 0 0 26 167 0 28 1 1 26 0 17 0 0 0 53 0 0 0 182 0 0 0
com::rolemodelsoft::drawlet::shapes::lines::LineFigureRelativePoint 0 1 4.36363636363636 0 2.36363636363636 0 0 0 0 2 0 0 0 5 0 0 0 11 48 0 6 1 0 11 0 9 0 0 0 15 0 0 0 22 0 0 0
com::rolemodelsoft::drawlet::shapes::lines::LinePointHandle 1 1.25 4.375 0 0.875 0 0 0 0 9 0 0 0 5 0 0 0 8 35 0 7 2 1 8 0 6 0 0 0 22 0 0 0 72 0 0 0
com::rolemodelsoft::drawlet::shapes::lines::LineTool 2 2 8.66666666666667 0 1.5 0 0 0 0 10 0 0 0 6 0 0 0 6 52 0 27 0 1 6 0 4 0 0 0 27 0 0 0 60 0 0 0
com::rolemodelsoft::drawlet::shapes::lines::TC_AdornedLine 0 1.07692307692308 6.07692307692308 0 0.0384615384615385 0 0 0 0 6 0 0 0 3 0 0 0 26 158 0 17 0 0 26 0 26 0 0 0 41 0 0 0 156 0 0 0
com::rolemodelsoft::drawlet::shapes::lines::TC_Arrow 0 1.06451612903226 6.7741935483871 0 0.032258064516129 0 0 0 0 11 0 0 0 3 0 0 0 31 210 0 16 0 0 31 0 31 0 0 0 78 0 0 0 341 0 0 0
com::rolemodelsoft::drawlet::shapes::lines::TC_ArrowStyle 0 1.16666666666667 7.33333333333333 0 0.166666666666667 0 0 0 0 3 0 0 0 2 0 0 0 6 44 0 16 0 0 6 0 6 0 0 0 16 0 0 0 18 0 0 0
com::rolemodelsoft::drawlet::shapes::lines::TS_LineTests 1 1 5 0 0.666666666666667 0 0 0 0 3 0 0 0 2 0 0 0 3 15 0 9 0 0 3 0 3 0 0 0 6 0 0 0 9 0 0 0
com::rolemodelsoft::drawlet::shapes::polygons::AnySidedPolygonTool 0 1.625 8.125 0 1.25 0 0 0 0 8 0 0 0 6 0 0 0 8 65 0 17 0 0 8 0 4 0 0 0 36 0 0 0 64 0 0 0
com::rolemodelsoft::drawlet::shapes::polygons::PolygonPointHandle 0 1.42857142857143 6.57142857142857 0 0.857142857142857 0 0 0 0 6 0 0 0 5 0 0 0 7 46 0 24 2 0 7 0 7 0 0 0 16 0 0 0 42 0 0 0
com::rolemodelsoft::drawlet::shapes::polygons::PolygonShape 4 1.8125 7 0 1.1875 0 0 0 0 5 0 0 0 6 0 0 0 16 112 0 36 1 0 16 0 12 0 0 0 28 0 0 0 80 0 0 0
com::rolemodelsoft::drawlet::shapes::polygons::PolygonTestVisualizer 0 1.25 5 0 1 0 0 0 0 1 0 0 0 2 0 0 0 4 20 0 9 2 0 4 0 4 0 0 0 5 0 0 0 4 0 0 0
com::rolemodelsoft::drawlet::shapes::polygons::PolygonTool 0 1.625 7.375 0 1.375 0 0 0 0 7 0 0 0 6 0 0 0 8 59 0 19 0 0 8 0 5 0 0 0 29 0 0 0 56 0 0 0
com::rolemodelsoft::drawlet::shapes::polygons::TC_Polygon 0 1.8 17.9 0 0.4 0 0 0 0 3 0 0 0 3 0 0 0 10 179 0 38 1 0 10 0 8 0 0 0 21 0 0 0 30 0 0 0
com::rolemodelsoft::drawlet::shapes::polygons::TS_PolygonTests 1 1 4.33333333333333 0 0.666666666666667 0 0 0 0 3 0 0 0 2 0 0 0 3 13 0 7 0 0 3 0 3 0 0 0 6 0 0 0 9 0 0 0
com::rolemodelsoft::drawlet::shapes::rectangles::RectangleShape 2 1 3.8 0 1.4 0 0 0 0 1 0 0 0 7 0 0 0 5 19 0 6 0 1 5 0 5 0 0 0 8 0 0 0 5 0 0 0
com::rolemodelsoft::drawlet::shapes::rectangles::RectangleTool 1 1.33333333333333 7.66666666666667 0 1.33333333333333 0 0 0 0 6 0 0 0 6 0 0 0 3 23 0 15 0 0 3 0 2 0 0 0 10 0 0 0 18 0 0 0
com::rolemodelsoft::drawlet::shapes::rectangles::RoundedRectangleShape 0 1.84615384615385 8.53846153846154 0 1.92307692307692 0 0 0 0 3 0 0 0 7 0 0 0 13 111 0 30 2 0 13 0 10 0 0 0 25 0 0 0 39 0 0 0
com::rolemodelsoft::drawlet::shapes::rectangles::TC_RectangleTool 0 1 10.8 0 0.2 0 0 0 0 8 0 0 0 2 0 0 0 5 54 0 25 4 0 5 0 5 0 0 0 21 0 0 0 40 0 0 0
com::rolemodelsoft::drawlet::shapes::rectangles::TC_RoundedRectangle 0 1 9.88888888888889 0 0.111111111111111 0 0 0 0 3 0 0 0 3 0 0 0 9 89 0 20 0 0 9 0 8 0 0 0 16 0 0 0 27 0 0 0
com::rolemodelsoft::drawlet::shapes::rectangles::TS_RectangleTests 1 1 4.66666666666667 0 0.666666666666667 0 0 0 0 3 0 0 0 2 0 0 0 3 14 0 8 0 0 3 0 3 0 0 0 6 0 0 0 9 0 0 0
com::rolemodelsoft::drawlet::shapes::RectangularCreationTool 0 1.66666666666667 10 0 1.66666666666667 0 0 0 0 6 0 0 0 6 0 0 0 3 30 0 15 1 0 3 0 2 0 0 0 11 0 0 0 18 0 0 0
com::rolemodelsoft::drawlet::shapes::RightHandle 0 1 3.66666666666667 0 1 0 0 0 0 1 0 0 0 6 0 0 0 3 11 0 5 0 0 3 0 2 0 0 0 4 0 0 0 3 0 0 0
com::rolemodelsoft::drawlet::shapes::ShapeTool 11 2.5 8.5 0 1 0 0 0 0 4 0 0 0 5 0 0 0 2 17 0 12 2 7 2 0 2 0 0 0 8 0 0 0 8 0 0 0
com::rolemodelsoft::drawlet::shapes::TopHandle 0 1 4 0 1 0 0 0 0 1 0 0 0 6 0 0 0 3 12 0 6 0 0 3 0 2 0 0 0 4 0 0 0 3 0 0 0
com::rolemodelsoft::drawlet::shapes::TopLeftHandle 0 1 4.33333333333333 0 1 0 0 0 0 1 0 0 0 6 0 0 0 3 13 0 7 0 0 3 0 2 0 0 0 4 0 0 0 3 0 0 0
com::rolemodelsoft::drawlet::shapes::TopRightHandle 0 1 4 0 1 0 0 0 0 1 0 0 0 6 0 0 0 3 12 0 6 0 0 3 0 2 0 0 0 4 0 0 0 3 0 0 0
com::rolemodelsoft::drawlet::StringHolder 4 1 1 0 0.5 0 0 0 0 0 0 0 0 0 0 0 0 2 2 0 1 0 1 2 0 2 0 0 0 2 0 0 0 0 0 0 0
com::rolemodelsoft::drawlet::TC_DrawletFunctionalTest 0 1.28571428571429 15.2857142857143 0 0.142857142857143 0 0 0 0 7 0 0 0 2 0 0 0 7 107 0 44 0 0 7 0 7 0 0 0 35 0 0 0 49 0 0 0
com::rolemodelsoft::drawlet::text::LabelEditHandle 0 2 9.6 0 0.7 0 0 0 0 8 0 0 0 4 0 0 0 10 96 0 31 2 0 10 0 9 0 0 0 35 0 0 0 80 0 0 0
com::rolemodelsoft::drawlet::text::LabelTool 0 1 4 0 1.5 0 0 0 0 3 0 0 0 5 0 0 0 2 8 0 5 0 0 2 0 1 0 0 0 5 0 0 0 6 0 0 0
com::rolemodelsoft::drawlet::text::TC_TextLabel 0 1.04166666666667 6.125 0 0.0416666666666667 0 0 0 0 6 0 0 0 3 0 0 0 24 147 0 14 2 0 24 0 24 0 0 0 48 0 0 0 144 0 0 0
com::rolemodelsoft::drawlet::text::TextLabel 1 1.34615384615385 4.57692307692308 0 0.615384615384615 0 0 0 0 8 0 0 0 4 0 0 0 51 238 0 14 10 0 52 0 34 0 0 0 83 0 0 0 408 0 0 0
com::rolemodelsoft::drawlet::text::TS_TextTests 1 1 4.33333333333333 0 0.666666666666667 0 0 0 0 3 0 0 0 2 0 0 0 3 13 0 7 0 0 3 0 3 0 0 0 6 0 0 0 9 0 0 0
com::rolemodelsoft::drawlet::TS_AllDrawletTests 0 1 4.66666666666667 0 0.666666666666667 0 0 0 0 5 0 0 0 2 0 0 0 3 14 0 8 0 0 3 0 3 0 0 0 8 0 0 0 15 0 0 0
com::rolemodelsoft::drawlet::TS_AllDrawletUnitTests 1 1 6.33333333333333 0 0.666666666666667 0 0 0 0 10 0 0 0 2 0 0 0 3 19 0 13 0 0 3 0 3 0 0 0 13 0 0 0 30 0 0 0
com::rolemodelsoft::drawlet::TS_DrawletFunctionalTest 1 1 4.33333333333333 0 0.666666666666667 0 0 0 0 3 0 0 0 2 0 0 0 3 13 0 7 0 0 3 0 3 0 0 0 6 0 0 0 9 0 0 0
com::rolemodelsoft::drawlet::util::BasicObservable 1 2.57142857142857 8.28571428571429 0 0.714285714285714 0 0 0 0 3 0 0 0 1 0 0 0 7 58 0 17 1 1 7 0 6 0 0 0 10 0 0 0 21 0 0 0
com::rolemodelsoft::drawlet::util::BasicStringComposer 0 2.10526315789474 12.3157894736842 0 1.15789473684211 0 0 0 0 2 0 0 0 2 0 0 0 19 234 0 66 3 0 19 0 8 0 0 0 23 0 0 0 38 0 0 0
com::rolemodelsoft::drawlet::util::BasicStringRenderer 9 1.88888888888889 7.97777777777778 0 0.822222222222222 0 0 0 0 6 0 0 0 1 0 0 0 45 359 0 40 12 1 45 0 13 0 0 0 60 0 0 0 270 0 0 0
com::rolemodelsoft::drawlet::util::Duplicatable 57 1 1 0 0.666666666666667 0 0 0 0 0 0 0 0 1 0 0 0 3 3 0 1 0 3 3 0 3 0 0 0 3 0 0 0 0 0 0 0
com::rolemodelsoft::drawlet::util::GraphicsGeometry 12 1.875 7.875 0 6.625 0 0 0 0 0 0 0 0 0 0 0 0 8 63 0 14 0 0 8 0 5 0 0 0 8 0 0 0 0 0 0 0
com::rolemodelsoft::drawlet::util::Observable 3 1 1 0 0.5 0 0 0 0 0 0 0 0 0 0 0 0 6 6 0 1 0 1 6 0 6 0 0 0 6 0 0 0 0 0 0 0
com::rolemodelsoft::drawlet::util::Observer 1 1 1 0 2 0 0 0 0 0 0 0 0 0 0 0 0 1 1 0 1 0 1 1 0 1 0 0 0 1 0 0 0 0 0 0 0
com::rolemodelsoft::drawlet::util::ReverseVectorEnumerator 0 1.33333333333333 5 0 0.333333333333333 0 0 0 0 1 0 0 0 1 0 0 0 3 15 0 8 0 0 3 0 3 0 0 0 4 0 0 0 3 0 0 0
com::rolemodelsoft::drawlet::util::SegmentIntersectionTestVisualizer 0 1.25 4.5 0 1 0 0 0 0 0 0 0 0 2 0 0 0 4 18 0 7 2 0 4 0 4 0 0 0 4 0 0 0 0 0 0 0
com::rolemodelsoft::drawlet::util::StringRenderer 14 1 1 0 0.6 0 0 0 0 0 0 0 0 0 0 0 0 10 10 0 1 9 1 10 9 10 0 0 0 10 0 0 0 0 0 0 0
com::rolemodelsoft::drawlet::util::TC_BasicStringComposer 0 1 22.75 0 0.125 0 0 0 0 2 0 0 0 2 0 0 0 8 182 0 56 10 0 8 0 7 0 0 0 21 0 0 0 16 0 0 0
com::rolemodelsoft::drawlet::util::TC_BasicStringRenderer 0 1 12.25 0 0.125 0 0 0 0 2 0 0 0 2 0 0 0 8 98 0 21 6 0 8 0 7 0 0 0 21 0 0 0 16 0 0 0
com::rolemodelsoft::drawlet::util::TC_SegmentIntersection 0 1.78571428571429 26 0 0.285714285714286 0 0 0 0 2 0 0 0 2 0 0 0 14 364 0 57 1 0 14 0 12 0 0 0 26 0 0 0 28 0 0 0
com::rolemodelsoft::drawlet::util::TS_UtilityTests 1 1 5 0 0.666666666666667 0 0 0 0 3 0 0 0 2 0 0 0 3 15 0 9 0 0 3 0 3 0 0 0 6 0 0 0 9 0 0 0
com::rolemodelsoft::drawlet::util::ValueAdapter 0 2.33333333333333 10 0 2.16666666666667 0 0 0 0 3 0 0 0 1 0 0 0 6 60 0 25 0 0 6 0 5 0 0 0 10 0 0 0 18 0 0 0
com::rolemodelsoft::test::TestRunnerHelper 10 2.25 15.25 0 0.5 0 0 0 0 5 0 0 0 0 0 0 0 4 61 0 25 0 0 4 0 1 0 0 0 10 0 0 0 20 0 0 0
junit::framework::Assert 31 1.35 3.85 0 1.9 0 0 0 0 1 0 0 0 0 0 0 0 20 77 0 8 0 1 20 0 17 0 0 0 30 0 0 0 20 0 0 0
junit::framework::AssertionFailedError 0 1 2.5 0 0.5 0 0 0 0 1 0 0 0 1 0 0 0 2 5 0 3 0 0 2 0 2 0 0 0 3 0 0 0 2 0 0 0
junit::framework::Protectable 1 1 1 0 0 0 0 0 0 0 0 0 0 0 0 0 0 1 1 0 1 0 0 1 0 1 0 0 0 1 0 0 0 0 0 0 0
junit::framework::Test 34 1 1 0 0.5 0 0 0 0 0 0 0 0 0 0 0 0 2 2 0 1 0 2 2 0 2 0 0 0 2 0 0 0 0 0 0 0
junit::framework::TestCase 30 1.33333333333333 5.66666666666667 0 0.166666666666667 0 0 0 0 2 0 0 0 1 0 0 0 12 68 0 27 2 24 12 0 7 0 0 0 15 0 0 0 24 0 0 0
junit::framework::TestFailure 0 1 3.75 0 0.5 0 0 0 0 0 0 0 0 1 0 0 0 4 15 0 5 2 0 4 0 4 0 0 0 4 0 0 0 0 0 0 0
junit::framework::TestListener 1 1 1 0 1.5 0 0 0 0 0 0 0 0 0 0 0 0 4 4 0 1 0 1 4 0 4 0 0 0 4 0 0 0 0 0 0 0
junit::framework::TestResult 4 1.22727272727273 4.45454545454545 0 0.454545454545455 0 0 0 0 4 0 0 0 1 0 0 0 22 98 0 11 5 0 22 0 20 0 0 0 36 0 0 0 88 0 0 0
junit::framework::TestSuite 10 1.93333333333333 7.06666666666667 0 0.8 0 0 0 0 6 0 0 0 1 0 0 0 15 106 0 25 2 0 15 0 10 0 0 0 25 0 0 0 90 0 0 0
junit::ui::AboutDialog 0 1 66 0 1 0 0 0 0 0 0 0 0 1 0 0 0 1 66 0 66 0 0 1 0 1 0 0 0 1 0 0 0 0 0 0 0
junit::ui::Logo 0 1 9 0 0.75 0 0 0 0 0 0 0 0 1 0 0 0 4 36 0 18 3 0 4 0 4 0 0 0 4 0 0 0 0 0 0 0
junit::ui::ProgressBar 0 1 5.63636363636364 0 1.09090909090909 0 0 0 0 0 0 0 0 1 0 0 0 11 62 0 12 4 0 11 4 9 0 0 0 11 0 0 0 0 0 0 0
junit::ui::TestRunner 1 1.9 16.7333333333333 0 1.06666666666667 0 0 0 0 14 0 0 0 1 0 0 0 29 502 0 218 28 0 30 0 10 0 0 0 74 0 0 0 406 0 0 0
junit::ui::TraceFrame 0 1 26.5 0 0.5 0 0 0 0 0 0 0 0 1 0 0 0 2 53 0 46 2 0 2 0 2 0 0 0 2 0 0 0 0 0 0 0
junit::util::StandardTestSuiteLoader 0 1 3 0 1 0 0 0 0 0 0 0 0 1 0 0 0 2 6 0 3 0 0 2 0 2 0 0 0 2 0 0 0 0 0 0 0
junit::util::StringUtil 4 1.5 3.75 0 1 0 0 0 0 0 0 0 0 0 0 0 0 4 15 0 5 0 0 4 0 3 0 0 0 4 0 0 0 0 0 0 0
junit::util::TestSuiteLoader 3 1 1 0 1 0 0 0 0 0 0 0 0 0 0 0 0 2 2 0 1 0 1 2 0 2 0 0 0 2 0 0 0 0 0 0 0
junit::util::Version 0 1 3 0 0 0 0 0 0 0 0 0 0 0 0 0 0 2 6 0 3 0 0 2 0 1 0 0 0 2 0 0 0 0 0 0 0
org::apache::oro::text::regex::CharStringPointer 0 1 3 0 0 0 0 0 0 0 0 0 0 0 0 0 0 1 3 0 3 0 0 1 0 1 0 0 0 1 0 0 0 0 0 0 0
org::apache::oro::text::regex::MalformedPatternException 0 1 3 0 0.5 0 0 0 0 1 0 0 0 1 0 0 0 2 6 0 3 0 0 2 0 2 0 0 0 3 0 0 0 2 0 0 0
org::apache::oro::text::regex::MatchResult 4 1 1 0 0.625 0 0 0 0 0 0 0 0 0 0 0 0 8 8 0 1 0 1 8 0 8 0 0 0 8 0 0 0 0 0 0 0
org::apache::oro::text::regex::OpCode 0 1 1 0 0 0 0 0 0 0 0 0 0 0 0 0 0 1 1 0 1 0 0 1 0 0 0 0 0 1 0 0 0 0 0 0 0
org::apache::oro::text::regex::Pattern 1 1 1 0 0 0 0 0 0 0 0 0 0 0 0 0 0 2 2 0 1 0 1 2 0 2 0 0 0 2 0 0 0 0 0 0 0
org::apache::oro::text::regex::PatternCompiler 1 1 1 0 1.5 0 0 0 0 0 0 0 0 0 0 0 0 4 4 0 1 0 1 4 0 4 0 0 0 4 0 0 0 0 0 0 0
org::apache::oro::text::regex::PatternMatcher 3 1 1 0 1.90909090909091 0 0 0 0 0 0 0 0 0 0 0 0 11 11 0 1 0 1 11 0 11 0 0 0 11 0 0 0 0 0 0 0
org::apache::oro::text::regex::PatternMatcherInput 2 1.03571428571429 3.10714285714286 0 0.892857142857143 0 0 0 0 0 0 0 0 0 0 0 0 28 87 0 9 0 0 28 0 28 0 0 0 28 0 0 0 0 0 0 0
org::apache::oro::text::regex::Perl5Compiler 2 13.4 56.84 0 1.68 0 0 0 0 7 0 0 0 1 0 0 0 25 1421 0 399 15 0 25 6 6 0 0 0 42 0 0 0 175 0 0 0
org::apache::oro::text::regex::Perl5Matcher 0 12 54.7826086956522 0 1.95652173913043 0 0 0 0 6 0 0 0 1 0 0 0 23 1260 0 469 13 0 23 0 13 0 0 0 40 0 0 0 138 0 0 0
org::apache::oro::text::regex::Perl5MatchResult 0 1 9.5 0 0.625 0 0 0 0 0 0 0 0 1 0 0 0 8 76 0 18 0 0 8 0 8 0 0 0 8 0 0 0 0 0 0 0
org::apache::oro::text::regex::Perl5Pattern 0 1 1 0 0 0 0 0 0 0 0 0 0 1 0 0 0 2 2 0 1 0 0 2 0 2 0 0 0 2 0 0 0 0 0 0 0
org::apache::oro::text::regex::Perl5Repetition 0 0 0 0 0 0 0 0 0 0 0 0 0 0 0 0 0 0 0 0 0 0 0 0 0 0 0 0 0 0 0 0 0 0 0 0 0
org::apache::oro::text::regex::StringSubstitution 0 1.16666666666667 3.33333333333333 0 1.33333333333333 0 0 0 0 0 0 0 0 1 0 0 0 6 20 0 8 0 0 6 0 6 0 0 0 6 0 0 0 0 0 0 0
org::apache::oro::text::regex::Substitution 2 1 1 0 6 0 0 0 0 0 0 0 0 0 0 0 0 1 1 0 1 0 1 1 0 1 0 0 0 1 0 0 0 0 0 0 0
org::apache::oro::text::regex::Util 1 1.6 13 0 3.2 0 0 0 0 3 0 0 0 0 0 0 0 5 65 0 33 2 0 5 2 4 0 0 0 14 0 0 0 15 0 0 0
