acc accm amloc an anpm asom auv bd bf cbo da dbz df dit dnp dupv fgbo lcom4 loc mlk mmloc noa noc nom npa npm obaa osf pitfc rfc rogu rsva saigv sc ua uaf uav
allocate 5 1.13888888888889 3.05555555555556 0 1.58333333333333 0 0 0 0 4 0 0 0 0 0 0 0 31 110 0 46 12 0 36 12 36 0 0 0 64 0 0 0 124 0 0 0
ast-inspect 1 1 19.9 0 1.2 0 0 0 0 9 0 0 0 0 0 0 0 2 199 0 48 0 0 10 0 10 0 0 0 74 0 0 0 18 0 0 0
ast-model 5 1.39130434782609 10.2173913043478 0 2.17391304347826 0 0 0 0 3 0 0 0 0 0 0 0 1 235 0 34 10 0 23 10 23 0 0 0 84 0 0 0 3 0 0 0
ast-view 1 1 20 0 1 0 0 0 0 3 0 0 0 0 0 0 0 1 40 0 21 0 0 2 0 2 0 0 0 6 0 0 0 3 0 0 0
avl 122 2.03846153846154 15.3461538461538 0 1.73076923076923 0 0 0 0 4 0 0 0 0 0 0 0 1 399 0 53 13 0 26 13 26 0 0 0 113 0 0 0 4 0 0 0
bitmap 0 1 7.2 0 2 0 0 0 0 1 0 0 0 0 0 0 0 5 36 0 9 0 0 5 0 5 0 0 0 10 0 0 0 5 0 0 0
c2xml 0 3.57142857142857 19.5 0 2.07142857142857 0 0 0 0 11 0 0 0 0 0 0 0 1 273 0 50 3 0 14 3 14 0 0 0 109 0 0 0 11 0 0 0
char 1 6.66666666666667 42.3333333333333 0 3 0 0 0 0 9 0 0 0 0 0 0 0 1 127 0 53 0 0 3 0 3 0 0 0 30 0 0 0 9 0 0 0
check_64bit_shift 0 4 22 0 1 0 0 0 0 4 0 0 0 0 0 0 0 1 44 0 38 1 0 2 1 2 0 0 0 20 0 0 0 4 0 0 0
check_access_ok_math 0 3.5 15.5 0 1.33333333333333 0 0 0 0 7 0 0 0 0 0 0 0 1 93 0 24 1 0 6 1 6 0 0 0 39 0 0 0 7 0 0 0
check_allocation_funcs 0 4.25 15.5 0 1.5 0 0 0 0 7 0 0 0 0 0 0 0 1 62 0 21 5 0 4 5 4 0 0 0 39 0 0 0 7 0 0 0
check_array_condition 0 2.5 11 0 1 0 0 0 0 5 0 0 0 0 0 0 0 1 22 0 17 1 0 2 1 2 0 0 0 12 0 0 0 5 0 0 0
check_assign_vs_compare 0 2 8 0 1 0 0 0 0 3 0 0 0 0 0 0 0 1 16 0 11 1 0 2 1 2 0 0 0 10 0 0 0 3 0 0 0
check_assigned_expr 0 2.14285714285714 10.2857142857143 0 1.28571428571429 0 0 0 0 6 0 0 0 0 0 0 0 1 72 0 26 3 0 7 3 7 0 0 0 48 0 0 0 6 0 0 0
check_balanced 0 3 10.8666666666667 0 1.4 0 0 0 0 8 0 0 0 0 0 0 0 4 163 0 29 3 0 15 3 15 0 0 0 87 0 0 0 32 0 0 0
check_bit_shift 0 3.88888888888889 14.8888888888889 0 1.66666666666667 0 0 0 0 10 0 0 0 0 0 0 0 3 134 0 28 2 0 9 2 9 0 0 0 70 0 0 0 30 0 0 0
check_bogus_irqrestore 0 2 9 0 2 0 0 0 0 2 0 0 0 0 0 0 0 1 18 0 10 1 0 2 1 2 0 0 0 9 0 0 0 2 0 0 0
check_bogus_loop 0 4.2 13.8 0 1 0 0 0 0 5 0 0 0 0 0 0 0 1 69 0 31 1 0 5 1 5 0 0 0 28 0 0 0 5 0 0 0
check_buffer_too_small_for_struct 0 4.25 19.5 0 1 0 0 0 0 6 0 0 0 0 0 0 0 2 78 0 38 1 0 4 1 4 0 0 0 42 0 0 0 12 0 0 0
check_call_tree 0 2 10 0 1 0 0 0 0 4 0 0 0 0 0 0 0 1 20 0 13 1 0 2 1 2 0 0 0 10 0 0 0 4 0 0 0
check_capable 0 2 10.3333333333333 0 2.33333333333333 0 0 0 0 5 0 0 0 0 0 0 0 2 93 0 16 2 0 9 2 9 0 0 0 62 0 0 0 10 0 0 0
check_cast_assign 0 2.66666666666667 11.6666666666667 0 1 0 0 0 0 5 0 0 0 0 0 0 0 1 35 0 21 1 0 3 1 3 0 0 0 18 0 0 0 5 0 0 0
check_check_deref 0 2.9 10.9 0 1.4 0 0 0 0 6 0 0 0 0 0 0 0 3 109 0 28 1 0 10 1 10 0 0 0 67 0 0 0 18 0 0 0
check_container_of 0 1.8 7.6 0 1.6 0 0 0 0 5 0 0 0 0 0 0 0 2 38 0 17 1 0 5 1 5 0 0 0 32 0 0 0 10 0 0 0
check_debug 1 1.40789473684211 7.89473684210526 0 1.98684210526316 0 0 0 0 19 0 0 0 0 0 0 0 37 600 0 42 4 0 76 4 76 0 0 0 354 0 0 0 703 0 0 0
check_deref 0 3.44444444444444 12.7777777777778 0 1.38888888888889 0 0 0 0 11 0 0 0 0 0 0 0 4 230 0 39 1 0 18 1 18 0 0 0 122 0 0 0 44 0 0 0
check_deref_check 0 2.83333333333333 10.6666666666667 0 1.5 0 0 0 0 6 0 0 0 0 0 0 0 2 64 0 20 1 0 6 1 6 0 0 0 45 0 0 0 12 0 0 0
check_dereferences_param 0 2.18181818181818 8.63636363636364 0 1.27272727272727 0 0 0 0 8 0 0 0 0 0 0 0 4 95 0 21 1 0 11 1 11 0 0 0 59 0 0 0 32 0 0 0
check_dev_queue_xmit 0 2.875 11.875 0 1.625 0 0 0 0 10 0 0 0 0 0 0 0 2 95 0 25 2 0 8 2 8 0 0 0 54 0 0 0 20 0 0 0
check_dma_mapping_error 0 2.14285714285714 7 0 1.42857142857143 0 0 0 0 4 0 0 0 0 0 0 0 3 49 0 20 1 0 7 1 7 0 0 0 34 0 0 0 12 0 0 0
check_dma_on_stack 0 5 20.3333333333333 0 1.66666666666667 0 0 0 0 8 0 0 0 0 0 0 0 1 61 0 29 1 0 3 1 3 0 0 0 25 0 0 0 8 0 0 0
check_double_checking 0 4.42857142857143 17.0714285714286 0 1.14285714285714 0 0 0 0 10 0 0 0 0 0 0 0 3 239 0 57 2 0 14 2 14 0 0 0 97 0 0 0 30 0 0 0
check_err_ptr 0 4 13.5 0 1 0 0 0 0 5 0 0 0 0 0 0 0 1 54 0 21 4 0 4 4 4 0 0 0 32 0 0 0 5 0 0 0
check_err_ptr_deref 0 2.5 11.5714285714286 0 2.07142857142857 0 0 0 0 10 0 0 0 0 0 0 0 3 162 0 27 4 0 14 4 14 0 0 0 102 0 0 0 30 0 0 0
check_expects_err_ptr 0 2.14285714285714 9.57142857142857 0 1.42857142857143 0 0 0 0 6 0 0 0 0 0 0 0 3 67 0 25 2 0 7 2 7 0 0 0 41 0 0 0 18 0 0 0
check_free 3 2.8 14.6 0 1.4 0 0 0 0 10 0 0 0 0 0 0 0 3 219 0 38 2 0 15 2 15 0 0 0 103 0 0 0 30 0 0 0
check_freeing_null 0 3 12.5 0 2 0 0 0 0 3 0 0 0 0 0 0 0 1 25 0 15 1 0 2 1 2 0 0 0 14 0 0 0 3 0 0 0
check_frees_argument 0 2.375 12.375 0 1.375 0 0 0 0 7 0 0 0 0 0 0 0 2 99 0 25 4 0 8 4 8 0 0 0 63 0 0 0 14 0 0 0
check_frees_param 0 1.9 8.6 0 1.5 0 0 0 0 8 0 0 0 0 0 0 0 4 86 0 19 1 0 10 1 10 0 0 0 53 0 0 0 32 0 0 0
check_get_user_overflow 0 4.22222222222222 16.4444444444444 0 1 0 0 0 0 6 0 0 0 0 0 0 0 3 148 0 56 2 0 9 2 9 0 0 0 56 0 0 0 18 0 0 0
check_gfp_dma 0 3 11 0 2 0 0 0 0 2 0 0 0 0 0 0 0 1 22 0 14 1 0 2 1 2 0 0 0 10 0 0 0 2 0 0 0
check_held_dev 0 2.09090909090909 8.54545454545454 0 1.90909090909091 0 0 0 0 7 0 0 0 0 0 0 0 3 94 0 23 1 0 11 1 11 0 0 0 55 0 0 0 21 0 0 0
check_impossible_mask 0 4.33333333333333 19 0 1 0 0 0 0 4 0 0 0 0 0 0 0 1 57 0 37 1 0 3 1 3 0 0 0 24 0 0 0 4 0 0 0
check_indenting 0 6.14285714285714 25.7142857142857 0 1 0 0 0 0 13 0 0 0 0 0 0 0 1 180 0 84 5 0 7 5 7 0 0 0 61 0 0 0 13 0 0 0
check_info_leak 0 2 9.57142857142857 0 2 0 0 0 0 5 0 0 0 0 0 0 0 3 67 0 18 1 0 7 1 7 0 0 0 45 0 0 0 15 0 0 0
check_input_free_device 0 1.66666666666667 6.16666666666667 0 1.66666666666667 0 0 0 0 4 0 0 0 0 0 0 0 3 37 0 13 1 0 6 1 6 0 0 0 27 0 0 0 12 0 0 0
check_kernel 0 3.27272727272727 20.2727272727273 0 2.63636363636364 0 0 0 0 13 0 0 0 0 0 0 0 1 223 0 53 0 0 11 0 11 0 0 0 116 0 0 0 13 0 0 0
check_kernel_printf 0 7.93939393939394 37.9090909090909 0 2.72727272727273 0 0 0 0 13 0 0 0 0 0 0 0 2 1251 0 280 11 0 33 11 33 0 0 0 161 0 0 0 26 0 0 0
check_kmalloc_to_bugon 0 3.66666666666667 14 0 1 0 0 0 0 6 0 0 0 0 0 0 0 1 42 0 21 2 0 3 2 3 0 0 0 22 0 0 0 6 0 0 0
check_kmalloc_wrong_size 0 3.2 14 0 2 0 0 0 0 3 0 0 0 0 0 0 0 1 70 0 19 1 0 5 1 5 0 0 0 31 0 0 0 3 0 0 0
check_kunmap 0 2.33333333333333 9.83333333333333 0 2 0 0 0 0 3 0 0 0 0 0 0 0 2 59 0 16 2 0 6 2 6 0 0 0 34 0 0 0 6 0 0 0
check_leaks 0 2.8125 11.875 0 1.25 0 0 0 0 10 0 0 0 0 0 0 0 3 190 0 22 2 0 16 2 16 0 0 0 100 0 0 0 30 0 0 0
check_list 0 0 0 0 0 0 0 0 0 0 0 0 0 0 0 0 0 0 0 0 0 0 0 0 0 0 0 0 0 0 0 0 0 0 0 0 0
check_locking 1 3.85714285714286 15.5714285714286 0 1.82857142857143 0 0 0 0 13 0 0 0 0 0 0 0 5 545 0 54 18 0 35 18 35 0 0 0 238 0 0 0 65 0 0 0
check_logical_instead_of_bitwise 0 3.25 11.75 0 1 0 0 0 0 4 0 0 0 0 0 0 0 1 47 0 20 1 0 4 1 4 0 0 0 23 0 0 0 4 0 0 0
check_macro_side_effects 0 3.625 16.5 0 1.125 0 0 0 0 14 0 0 0 0 0 0 0 1 132 0 34 3 0 8 3 8 0 0 0 66 0 0 0 14 0 0 0
check_macros 0 4.5 13.5 0 1.75 0 0 0 0 7 0 0 0 0 0 0 0 1 54 0 20 1 0 4 1 4 0 0 0 30 0 0 0 7 0 0 0
check_memory 0 2.60606060606061 11.7575757575758 0 1.18181818181818 0 0 0 0 14 0 0 0 0 0 0 0 7 388 0 52 3 0 33 3 33 0 0 0 206 0 0 0 98 0 0 0
check_memset 0 2.5 10.5 0 2 0 0 0 0 2 0 0 0 0 0 0 0 1 21 0 15 1 0 2 1 2 0 0 0 10 0 0 0 2 0 0 0
check_min_t 0 4.5 17 0 1 0 0 0 0 5 0 0 0 0 0 0 0 1 34 0 27 1 0 2 1 2 0 0 0 17 0 0 0 5 0 0 0
check_missing_break 0 2.15384615384615 9.69230769230769 0 1.07692307692308 0 0 0 0 6 0 0 0 0 0 0 0 3 126 0 15 5 0 13 5 13 0 0 0 69 0 0 0 18 0 0 0
check_mod_timer 0 2 9 0 2 0 0 0 0 2 0 0 0 0 0 0 0 1 18 0 10 1 0 2 1 2 0 0 0 10 0 0 0 2 0 0 0
check_no_effect 0 8.5 17.5 0 1 0 0 0 0 4 0 0 0 0 0 0 0 1 35 0 30 1 0 2 1 2 0 0 0 10 0 0 0 4 0 0 0
check_no_if_block 0 4.33333333333333 11.6666666666667 0 1 0 0 0 0 5 0 0 0 0 0 0 0 1 35 0 14 1 0 3 1 3 0 0 0 19 0 0 0 5 0 0 0
check_no_return 0 2.66666666666667 7.66666666666667 0 1 0 0 0 0 2 0 0 0 0 0 0 0 1 23 0 8 2 0 3 2 3 0 0 0 14 0 0 0 2 0 0 0
check_off_by_one_relative 0 4.6 24.6 0 1 0 0 0 0 5 0 0 0 0 0 0 0 1 123 0 54 1 0 5 1 5 0 0 0 48 0 0 0 5 0 0 0
check_or_vs_and 0 3.90909090909091 13.0909090909091 0 1.18181818181818 0 0 0 0 5 0 0 0 0 0 0 0 2 144 0 24 1 0 11 1 11 0 0 0 62 0 0 0 10 0 0 0
check_overflow 0 5.92857142857143 28.2142857142857 0 2.14285714285714 0 0 0 0 15 0 0 0 0 0 0 0 1 395 0 42 8 0 14 8 14 0 0 0 153 0 0 0 15 0 0 0
check_param_mapper 0 2.16666666666667 12 0 1.16666666666667 0 0 0 0 7 0 0 0 0 0 0 0 2 72 0 25 2 0 6 2 6 0 0 0 42 0 0 0 14 0 0 0
check_passes_sizeof 0 3.2 14.6 0 1.2 0 0 0 0 6 0 0 0 0 0 0 0 1 73 0 23 1 0 5 1 5 0 0 0 32 0 0 0 6 0 0 0
check_platform_device_put 0 1.5 6.83333333333333 0 2.33333333333333 0 0 0 0 3 0 0 0 0 0 0 0 3 41 0 13 1 0 6 1 6 0 0 0 27 0 0 0 9 0 0 0
check_pointer_math 0 3.11111111111111 12 0 1.22222222222222 0 0 0 0 6 0 0 0 0 0 0 0 2 108 0 31 1 0 9 1 9 0 0 0 59 0 0 0 12 0 0 0
check_precedence 0 4.75 14.125 0 1 0 0 0 0 4 0 0 0 0 0 0 0 1 113 0 43 1 0 8 1 8 0 0 0 41 0 0 0 4 0 0 0
check_proc_create 0 2.5 14 0 2 0 0 0 0 3 0 0 0 0 0 0 0 1 28 0 17 6 0 2 6 2 0 0 0 14 0 0 0 3 0 0 0
check_puts_argument 0 2.25 11.875 0 1.25 0 0 0 0 8 0 0 0 0 0 0 0 2 95 0 26 4 0 8 4 8 0 0 0 64 0 0 0 16 0 0 0
check_readl_infinite_loops 0 2.53333333333333 8.46666666666667 0 1.06666666666667 0 0 0 0 8 0 0 0 0 0 0 0 5 127 0 17 4 0 15 4 15 0 0 0 67 0 0 0 40 0 0 0
check_release_resource 0 3.25 14.5 0 2 0 0 0 0 5 0 0 0 0 0 0 0 1 58 0 22 2 0 4 2 4 0 0 0 34 0 0 0 5 0 0 0
check_resource_size 0 3 12.6 0 1.4 0 0 0 0 2 0 0 0 0 0 0 0 1 63 0 16 2 0 5 2 5 0 0 0 26 0 0 0 2 0 0 0
check_return 0 2.66666666666667 12.3333333333333 0 1.66666666666667 0 0 0 0 7 0 0 0 0 0 0 0 1 37 0 24 1 0 3 1 3 0 0 0 17 0 0 0 7 0 0 0
check_return_cast 0 3.5 11.5 0 1 0 0 0 0 2 0 0 0 0 0 0 0 1 23 0 18 1 0 2 1 2 0 0 0 13 0 0 0 2 0 0 0
check_return_efault 0 2.28571428571429 7.85714285714286 0 1.42857142857143 0 0 0 0 4 0 0 0 0 0 0 0 3 55 0 20 1 0 7 1 7 0 0 0 35 0 0 0 12 0 0 0
check_return_enomem 0 6.5 26 0 1 0 0 0 0 5 0 0 0 0 0 0 0 1 52 0 44 1 0 2 1 2 0 0 0 23 0 0 0 5 0 0 0
check_return_negative_var 0 4.5 18 0 1 0 0 0 0 4 0 0 0 0 0 0 0 1 36 0 28 1 0 2 1 2 0 0 0 13 0 0 0 4 0 0 0
check_rosenberg 0 3.8 16.65 0 1.85 0 0 0 0 15 0 0 0 0 0 0 0 2 333 0 43 2 0 20 2 20 0 0 0 139 0 0 0 30 0 0 0
check_select 0 2 7 0 1 0 0 0 0 3 0 0 0 0 0 0 0 1 14 0 9 1 0 2 1 2 0 0 0 9 0 0 0 3 0 0 0
check_shift_to_zero 0 4.5 17.75 0 1 0 0 0 0 3 0 0 0 0 0 0 0 1 71 0 26 1 0 4 1 4 0 0 0 31 0 0 0 3 0 0 0
check_signed 0 7.75 33.5 0 1 0 0 0 0 9 0 0 0 0 0 0 0 1 268 0 74 1 0 8 1 8 0 0 0 90 0 0 0 9 0 0 0
check_sizeof 0 3.375 16 0 1.25 0 0 0 0 9 0 0 0 0 0 0 0 1 128 0 23 2 0 8 2 8 0 0 0 58 0 0 0 9 0 0 0
check_snprintf 0 2.4 11.6 0 1.6 0 0 0 0 3 0 0 0 0 0 0 0 1 58 0 19 1 0 5 1 5 0 0 0 39 0 0 0 3 0 0 0
check_stack 0 2.5 12 0 1 0 0 0 0 5 0 0 0 0 0 0 0 1 48 0 20 5 0 4 5 4 0 0 0 32 0 0 0 5 0 0 0
check_string_len 0 13.5 52.25 0 2.25 0 0 0 0 11 0 0 0 0 0 0 0 1 209 0 132 4 0 4 4 4 0 0 0 41 0 0 0 11 0 0 0
check_struct_type 0 4.5 21 0 2 0 0 0 0 4 0 0 0 0 0 0 0 1 42 0 33 1 0 2 1 2 0 0 0 16 0 0 0 4 0 0 0
check_template 0 2.16666666666667 9 0 1 0 0 0 0 3 0 0 0 0 0 0 0 3 54 0 21 1 0 6 1 6 0 0 0 27 0 0 0 9 0 0 0
check_test_bit 0 3 14.5 0 2 0 0 0 0 3 0 0 0 0 0 0 0 1 29 0 17 1 0 2 1 2 0 0 0 10 0 0 0 3 0 0 0
check_type 0 3.66666666666667 13.6666666666667 0 1.66666666666667 0 0 0 0 3 0 0 0 0 0 0 0 1 41 0 25 1 0 3 1 3 0 0 0 15 0 0 0 3 0 0 0
check_unreachable 0 4.61538461538461 19.5384615384615 0 1 0 0 0 0 14 0 0 0 0 0 0 0 1 254 0 50 4 0 13 4 13 0 0 0 95 0 0 0 14 0 0 0
check_unused_ret 0 2.53846153846154 10.2307692307692 0 1.46153846153846 0 0 0 0 7 0 0 0 0 0 0 0 5 133 0 32 10 0 13 10 13 0 0 0 83 0 0 0 35 0 0 0
check_unwind 0 2.57142857142857 13.4285714285714 0 1.85714285714286 0 0 0 0 11 0 0 0 0 0 0 0 4 188 0 50 1 0 14 1 14 0 0 0 79 0 0 0 44 0 0 0
check_user_data 2 4.3030303030303 16.0606060606061 0 1.81818181818182 0 0 0 0 19 0 0 0 0 0 0 0 6 530 0 48 4 0 33 4 33 0 0 0 244 0 0 0 114 0 0 0
check_user_data2 1 3.58333333333333 17.5277777777778 0 1.77777777777778 0 0 0 0 20 0 0 0 0 0 0 0 2 631 0 45 6 0 36 6 36 0 0 0 329 0 0 0 40 0 0 0
check_wait_for_common 0 2 9.5 0 2 0 0 0 0 3 0 0 0 0 0 0 0 1 19 0 10 1 0 2 1 2 0 0 0 11 0 0 0 3 0 0 0
check_wine_filehandles 0 2.16666666666667 8.16666666666667 0 1.5 0 0 0 0 5 0 0 0 0 0 0 0 3 49 0 15 2 0 6 2 6 0 0 0 34 0 0 0 15 0 0 0
check_wine_WtoA 0 3.75 13.5 0 1 0 0 0 0 4 0 0 0 0 0 0 0 1 54 0 18 2 0 4 2 4 0 0 0 18 0 0 0 4 0 0 0
check_wrong_size_arg 0 4 21.3333333333333 0 1.66666666666667 0 0 0 0 9 0 0 0 0 0 0 0 1 64 0 42 1 0 3 1 3 0 0 0 23 0 0 0 9 0 0 0
check_zero_to_err_ptr 0 2.5 11 0 2 0 0 0 0 2 0 0 0 0 0 0 0 1 22 0 12 1 0 2 1 2 0 0 0 10 0 0 0 2 0 0 0
compat-bsd 1 1 4 0 2 0 0 0 0 0 0 0 0 0 0 0 0 1 4 0 4 0 0 1 0 1 0 0 0 1 0 0 0 0 0 0 0
compat-cygwin 5 1 6.66666666666667 0 1.66666666666667 0 0 0 0 0 0 0 0 0 0 0 0 3 20 0 11 0 0 3 0 3 0 0 0 3 0 0 0 0 0 0 0
compat-linux 0 0 0 0 0 0 0 0 0 0 0 0 0 0 0 0 0 0 0 0 0 0 0 0 0 0 0 0 0 0 0 0 0 0 0 0 0
compat-mingw 0 1.33333333333333 5.33333333333333 0 1.66666666666667 0 0 0 0 3 0 0 0 0 0 0 0 3 16 0 8 0 0 3 0 3 0 0 0 6 0 0 0 9 0 0 0
compat-solaris 0 4 24 0 2 0 0 0 0 1 0 0 0 0 0 0 0 1 24 0 24 0 0 1 0 1 0 0 0 2 0 0 0 1 0 0 0
compat 0 1.33333333333333 6.66666666666667 0 1.66666666666667 0 0 0 0 5 0 0 0 0 0 0 0 3 20 0 11 0 0 3 0 3 0 0 0 9 0 0 0 15 0 0 0
mmap-blob 0 2.5 10.5 0 1.5 0 0 0 0 3 0 0 0 0 0 0 0 2 21 0 11 0 0 2 0 2 0 0 0 6 0 0 0 6 0 0 0
strtold 0 1 4 0 2 0 0 0 0 0 0 0 0 0 0 0 0 1 4 0 4 0 0 1 0 1 0 0 0 1 0 0 0 0 0 0 0
compile-i386 35 3.4020618556701 20.8350515463918 0 1.44329896907216 0 0 0 0 21 0 0 0 0 0 0 0 6 2021 0 95 90 0 97 90 97 0 0 0 756 0 0 0 126 0 0 0
compile 0 1 10.6 0 1.2 0 0 0 0 5 0 0 0 0 0 0 0 4 53 0 31 0 0 5 0 5 0 0 0 16 0 0 0 20 0 0 0
cse 1 9.69230769230769 27.6153846153846 0 2.07692307692308 0 0 0 0 9 0 0 0 0 0 0 0 1 359 0 87 2 0 13 2 13 0 0 0 77 0 0 0 9 0 0 0
ctags 0 4.2 17.8 0 1.3 0 0 0 0 8 0 0 0 0 0 0 0 1 178 0 48 1 0 10 1 10 0 0 0 76 0 0 0 8 0 0 0
hashtable 25 2 23.875 0 2 0 0 0 0 10 0 0 0 0 0 0 0 3 191 0 56 3 0 8 3 8 0 0 0 49 0 0 0 30 0 0 0
hashtable_itr 1 1 20 0 1.33333333333333 0 0 0 0 7 0 0 0 0 0 0 0 2 120 0 35 4 0 6 4 6 0 0 0 44 0 0 0 14 0 0 0
hashtable_private 10 1 7 0 2 0 0 0 0 2 0 0 0 0 0 0 0 2 14 0 11 11 0 2 11 2 0 0 0 5 0 0 0 4 0 0 0
hashtable_utility 0 3 20 0 3 0 0 0 0 5 0 0 0 0 0 0 0 1 20 0 20 0 0 1 0 1 0 0 0 6 0 0 0 5 0 0 0
tester 0 4 29.1428571428571 0 2.28571428571429 0 0 0 0 7 0 0 0 0 0 0 0 5 204 0 190 6 0 7 6 7 0 0 0 32 0 0 0 35 0 0 0
dissect 1 5.91304347826087 22.0869565217391 0 1.82608695652174 0 0 0 0 12 0 0 0 0 0 0 0 1 508 0 131 5 0 23 5 23 0 0 0 186 0 0 0 12 0 0 0
evaluate 2 7.84782608695652 35.1304347826087 0 1.75 0 0 0 0 21 0 0 0 0 0 0 0 1 3232 0 158 1 0 92 1 92 0 0 0 957 0 0 0 21 0 0 0
example 0 3.96103896103896 20.4545454545455 0 2.22077922077922 0 0 0 0 24 0 0 0 0 0 0 0 2 1575 0 92 40 0 77 40 77 0 0 0 554 0 0 0 48 0 0 0
expand 27 5.74468085106383 24.2765957446809 0 1.36170212765957 0 0 0 0 13 0 0 0 0 0 0 0 3 1141 0 119 1 0 47 1 47 0 0 0 373 0 0 0 39 0 0 0
expression 818 3.65909090909091 26 0 1.90909090909091 0 0 0 0 19 0 0 0 0 0 0 0 7 1144 0 123 106 0 44 106 44 0 0 0 342 0 0 0 133 0 0 0
flow 12 5.4468085106383 24.5106382978723 0 1.93617021276596 0 0 0 0 16 0 0 0 0 0 0 0 12 1152 0 117 1 0 47 1 47 0 0 0 272 0 0 0 192 0 0 0
graph 0 6.33333333333333 51 0 1.66666666666667 0 0 0 0 7 0 0 0 0 0 0 0 1 153 0 69 0 0 3 0 3 0 0 0 45 0 0 0 7 0 0 0
ident-list 0 1 1 0 1.11764705882353 0 0 0 0 0 0 0 0 0 0 0 0 153 153 0 1 0 0 153 0 153 0 0 0 153 0 0 0 0 0 0 0
inline 2 5.8 35.1333333333333 0 1.26666666666667 0 0 0 0 10 0 0 0 0 0 0 0 1 527 0 204 0 0 15 0 15 0 0 0 176 0 0 0 10 0 0 0
lib 330 2.11904761904762 11.8928571428571 0 1.78571428571429 0 0 0 0 16 0 0 0 0 0 0 0 31 999 0 109 65 0 84 65 84 0 0 0 295 0 0 0 496 0 0 0
linearize 158 2.55855855855856 18.6126126126126 0 2.21621621621622 0 0 0 0 26 0 0 0 0 0 0 0 16 2066 0 196 131 0 111 131 111 0 0 0 884 0 0 0 416 0 0 0
liveness 4 3.66666666666667 17.6666666666667 0 2.05555555555556 0 0 0 0 2 0 0 0 0 0 0 0 2 318 0 112 3 0 18 3 18 0 0 0 92 0 0 0 4 0 0 0
macro_table 54 1 5 0 1.83333333333333 0 0 0 0 3 0 0 0 0 0 0 0 3 30 0 10 1 0 6 1 6 0 0 0 20 0 0 0 9 0 0 0
memops 2 5.57142857142857 24.5714285714286 0 1.85714285714286 0 0 0 0 5 0 0 0 0 0 0 0 1 172 0 55 0 0 7 0 7 0 0 0 46 0 0 0 5 0 0 0
obfuscate 0 1.25 7.75 0 1.25 0 0 0 0 4 0 0 0 0 0 0 0 1 31 0 11 0 0 4 0 4 0 0 0 13 0 0 0 4 0 0 0
parse 129 3.44262295081967 19.3852459016393 0 2 0 0 0 0 19 0 0 0 0 0 0 0 21 2365 0 152 213 0 122 213 122 0 0 0 999 0 0 0 399 0 0 0
pre-process 0 5.21621621621622 23.472972972973 0 2.40540540540541 0 0 0 0 21 0 0 0 0 0 0 0 1 1737 0 102 13 0 74 13 74 0 0 0 564 0 0 0 21 0 0 0
ptrlist 75 1.72222222222222 16.4444444444444 0 1.88888888888889 0 0 0 0 6 0 0 0 0 0 0 0 6 296 0 66 4 0 18 4 18 0 0 0 61 0 0 0 36 0 0 0
scope 24 1.42857142857143 7 0 1.21428571428571 0 0 0 0 7 0 0 0 0 0 0 0 1 98 0 12 8 0 14 8 14 0 0 0 73 0 0 0 7 0 0 0
show-parse 6 4.21739130434783 21.9130434782609 0 1.26086956521739 0 0 0 0 15 0 0 0 0 0 0 0 2 1008 0 152 5 0 46 5 46 0 0 0 392 0 0 0 30 0 0 0
simplify 8 5.47222222222222 24.8333333333333 0 1.66666666666667 0 0 0 0 12 0 0 0 0 0 0 0 1 894 0 120 0 0 36 0 36 0 0 0 208 0 0 0 12 0 0 0
smatch 1360 1.54731457800512 14.8337595907928 0 1.59590792838875 0 0 0 0 64 0 0 0 0 0 0 0 149 5800 0 200 101 0 391 101 391 0 0 0 2000 0 0 0 9536 0 0 0
smatch_address 0 6.4 32.8 0 1.4 0 0 0 0 10 0 0 0 0 0 0 0 1 164 0 47 0 0 5 0 5 0 0 0 50 0 0 0 10 0 0 0
smatch_annotate 0 1.5 10.5 0 2 0 0 0 0 4 0 0 0 0 0 0 0 1 21 0 11 0 0 2 0 2 0 0 0 11 0 0 0 4 0 0 0
smatch_auto_copy 0 4 17.6666666666667 0 1 0 0 0 0 7 0 0 0 0 0 0 0 1 53 0 37 2 0 3 2 3 0 0 0 26 0 0 0 7 0 0 0
smatch_buf_comparison 2 3.43478260869565 20.0434782608696 0 1.8695652173913 0 0 0 0 17 0 0 0 0 0 0 0 1 461 0 54 4 0 23 4 23 0 0 0 186 0 0 0 17 0 0 0
smatch_buf_size 21 2.8 16.1333333333333 0 1.73333333333333 0 0 0 0 13 0 0 0 0 0 0 0 3 726 0 65 3 0 45 3 45 0 0 0 302 0 0 0 39 0 0 0
smatch_capped 0 4.21428571428571 16.2142857142857 0 1.85714285714286 0 0 0 0 13 0 0 0 0 0 0 0 3 227 0 45 1 0 14 1 14 0 0 0 102 0 0 0 39 0 0 0
smatch_common_functions 0 2.5 18 0 2.5 0 0 0 0 5 0 0 0 0 0 0 0 1 72 0 23 0 0 4 0 4 0 0 0 31 0 0 0 5 0 0 0
smatch_comparison 7 5.85 26.2166666666667 0 2.01666666666667 0 0 0 0 22 0 0 0 0 0 0 0 4 1573 0 117 4 0 60 4 60 0 0 0 506 0 0 0 88 0 0 0
smatch_conditions 16 3.13636363636364 25.9090909090909 0 1.22727272727273 0 0 0 0 11 0 0 0 0 0 0 0 2 570 0 119 2 0 22 2 22 0 0 0 210 0 0 0 22 0 0 0
smatch_data_source 0 3.6 16.6 0 1 0 0 0 0 9 0 0 0 0 0 0 0 1 83 0 28 1 0 5 1 5 0 0 0 39 0 0 0 9 0 0 0
smatch_db 15 3.08 17.6266666666667 0 2.10666666666667 0 0 0 0 25 0 0 0 0 0 0 0 19 1322 0 64 27 0 75 27 75 0 0 0 545 0 0 0 475 0 0 0
smatch_equiv 10 1.64285714285714 16.2142857142857 0 2.14285714285714 0 0 0 0 6 0 0 0 0 0 0 0 4 227 0 42 0 0 14 0 14 0 0 0 89 0 0 0 24 0 0 0
smatch_estate 29 1.84210526315789 8.89473684210526 0 1.34210526315789 0 0 0 0 9 0 0 0 0 0 0 0 1 338 0 24 0 0 38 0 38 0 0 0 180 0 0 0 9 0 0 0
smatch_expression_stacks 16 1 5.75 0 1.25 0 0 0 0 1 0 0 0 0 0 0 0 4 23 0 8 0 0 4 0 4 0 0 0 6 0 0 0 4 0 0 0
smatch_expressions 38 1.22222222222222 10.6666666666667 0 1.66666666666667 0 0 0 0 9 0 0 0 0 0 0 0 5 96 0 17 0 0 9 0 9 0 0 0 44 0 0 0 45 0 0 0
smatch_extra 155 3.73118279569892 17.8924731182796 0 1.93010752688172 0 0 0 0 39 0 0 0 0 0 0 0 77 3328 0 279 11 0 186 11 186 0 0 0 1299 0 0 0 3003 0 0 0
smatch_files 29 1 14.5 0 1 0 0 0 0 5 0 0 0 0 0 0 0 1 29 0 15 0 0 2 0 2 0 0 0 9 0 0 0 5 0 0 0
smatch_flow 6 4.36363636363636 22.0606060606061 0 1.28787878787879 0 0 0 0 29 0 0 0 0 0 0 0 1 1456 0 200 36 0 66 36 66 0 0 0 667 0 0 0 29 0 0 0
smatch_function_hashtable 0 2 9 0 1.6 0 0 0 0 9 0 0 0 0 0 0 0 3 45 0 22 0 0 5 0 5 0 0 0 21 0 0 0 27 0 0 0
smatch_function_hooks 11 2.76744186046512 19.3255813953488 0 2.44186046511628 0 0 0 0 19 0 0 0 0 0 0 0 7 831 0 108 27 0 43 27 43 0 0 0 330 0 0 0 133 0 0 0
smatch_function_info 0 1 8 0 1 0 0 0 0 5 0 0 0 0 0 0 0 1 16 0 11 1 0 2 1 2 0 0 0 13 0 0 0 5 0 0 0
smatch_function_ptrs 1 6.4 27.9 0 1 0 0 0 0 11 0 0 0 0 0 0 0 1 279 0 51 1 0 10 1 10 0 0 0 118 0 0 0 11 0 0 0
smatch_helper 19 4.69767441860465 18.1395348837209 0 1.51162790697674 0 0 0 0 22 0 0 0 0 0 0 0 12 780 0 164 0 0 43 0 43 0 0 0 244 0 0 0 264 0 0 0
smatch_hooks 163 1 11.2222222222222 0 1.7037037037037 0 0 0 0 8 0 0 0 0 0 0 0 7 303 0 114 10 0 27 10 27 0 0 0 98 0 0 0 56 0 0 0
smatch_ignore 0 1.5 7.75 0 2 0 0 0 0 5 0 0 0 0 0 0 0 1 31 0 11 1 0 4 1 4 0 0 0 23 0 0 0 5 0 0 0
smatch_implied 14 3.55172413793103 25.5862068965517 0 2.41379310344828 0 0 0 0 19 0 0 0 0 0 0 0 2 742 0 74 4 0 29 4 29 0 0 0 282 0 0 0 38 0 0 0
smatch_impossible 0 2.14285714285714 8.28571428571429 0 1.57142857142857 0 0 0 0 6 0 0 0 0 0 0 0 2 58 0 24 2 0 7 2 7 0 0 0 35 0 0 0 12 0 0 0
smatch_links 1 1.6 14 0 2.4 0 0 0 0 8 0 0 0 0 0 0 0 1 70 0 23 0 0 5 0 5 0 0 0 38 0 0 0 8 0 0 0
smatch_local_values 5 2.46153846153846 14.8461538461538 0 2 0 0 0 0 9 0 0 0 0 0 0 0 2 193 0 32 5 0 13 5 13 0 0 0 97 0 0 0 18 0 0 0
smatch_math 58 5.23214285714286 22.2142857142857 0 2.28571428571429 0 0 0 0 17 0 0 0 0 0 0 0 2 1244 0 69 3 0 56 3 56 0 0 0 464 0 0 0 34 0 0 0
smatch_modification_hooks 0 2.41176470588235 11 0 1.70588235294118 0 0 0 0 11 0 0 0 0 0 0 0 2 187 0 24 3 0 17 3 17 0 0 0 99 0 0 0 22 0 0 0
smatch_param_cleared 0 2.72727272727273 14.4545454545455 0 2 0 0 0 0 9 0 0 0 0 0 0 0 3 159 0 31 1 0 11 1 11 0 0 0 73 0 0 0 27 0 0 0
smatch_param_filter 0 2.66666666666667 13 0 1.75 0 0 0 0 11 0 0 0 0 0 0 0 1 156 0 26 3 0 12 3 12 0 0 0 95 0 0 0 11 0 0 0
smatch_param_limit 1 1.9 11.1 0 1.7 0 0 0 0 8 0 0 0 0 0 0 0 1 111 0 30 3 0 10 3 10 0 0 0 77 0 0 0 8 0 0 0
smatch_param_set 0 3.5 18.5 0 1.83333333333333 0 0 0 0 9 0 0 0 0 0 0 0 1 111 0 65 1 0 6 1 6 0 0 0 47 0 0 0 9 0 0 0
smatch_param_used 1 2.8 12 0 1.8 0 0 0 0 5 0 0 0 0 0 0 0 2 60 0 18 2 0 5 2 5 0 0 0 34 0 0 0 10 0 0 0
smatch_parse_call_math 93 3.92307692307692 20.8846153846154 0 1.96153846153846 0 0 0 0 18 0 0 0 0 0 0 0 1 543 0 52 9 0 26 9 26 0 0 0 209 0 0 0 18 0 0 0
smatch_project 2 3.22222222222222 14.8888888888889 0 1.44444444444444 0 0 0 0 8 0 0 0 0 0 0 0 3 134 0 28 2 0 9 2 9 0 0 0 58 0 0 0 24 0 0 0
smatch_ranges 256 2.54054054054054 19.2162162162162 0 2.32432432432432 0 0 0 0 17 0 0 0 0 0 0 0 11 1422 0 88 0 0 74 0 74 0 0 0 384 0 0 0 187 0 0 0
smatch_real_absolute 3 1.83333333333333 10.1666666666667 0 1.16666666666667 0 0 0 0 6 0 0 0 0 0 0 0 1 61 0 21 1 0 6 1 6 0 0 0 52 0 0 0 6 0 0 0
smatch_recurse 2 7.42857142857143 22.4285714285714 0 2.14285714285714 0 0 0 0 4 0 0 0 0 0 0 0 1 157 0 91 3 0 7 3 7 0 0 0 47 0 0 0 4 0 0 0
smatch_returns 0 1 5.11111111111111 0 1.22222222222222 0 0 0 0 4 0 0 0 0 0 0 0 3 46 0 9 5 0 9 5 9 0 0 0 35 0 0 0 12 0 0 0
smatch_slist 261 1.43333333333333 13.5833333333333 0 2.2 0 0 0 0 18 0 0 0 0 0 0 0 16 815 0 67 6 0 60 6 60 0 0 0 306 0 0 0 288 0 0 0
smatch_start_states 2 1 5.16666666666667 0 1 0 0 0 0 4 0 0 0 0 0 0 0 1 31 0 9 3 0 6 3 6 0 0 0 25 0 0 0 4 0 0 0
smatch_states 20 1.76315789473684 10 0 1.40789473684211 0 0 0 0 8 0 0 0 0 0 0 0 1 760 0 42 21 0 76 21 76 0 0 0 472 0 0 0 8 0 0 0
smatch_stored_conditions 0 3.07692307692308 17.6153846153846 0 1.84615384615385 0 0 0 0 10 0 0 0 0 0 0 0 1 229 0 52 2 0 13 2 13 0 0 0 95 0 0 0 10 0 0 0
smatch_string_list 1 2.25 13.5 0 1.75 0 0 0 0 2 0 0 0 0 0 0 0 2 54 0 17 0 0 4 0 4 0 0 0 9 0 0 0 4 0 0 0
smatch_strings 0 3.25 19 0 1.5 0 0 0 0 7 0 0 0 0 0 0 0 1 76 0 37 1 0 4 1 4 0 0 0 44 0 0 0 7 0 0 0
smatch_strlen 1 3 15.05 0 2 0 0 0 0 13 0 0 0 0 0 0 0 1 301 0 69 2 0 20 2 20 0 0 0 162 0 0 0 13 0 0 0
smatch_struct_assignment 6 4.53333333333333 22.4666666666667 0 2.26666666666667 0 0 0 0 15 0 0 0 0 0 0 0 1 337 0 92 1 0 15 1 15 0 0 0 120 0 0 0 15 0 0 0
smatch_sval 22 3.875 13.925 0 1.65 0 0 0 0 11 0 0 0 0 0 0 0 8 557 0 58 0 0 40 0 40 0 0 0 175 0 0 0 88 0 0 0
smatch_tracker 32 1 8.55555555555556 0 2.55555555555556 0 0 0 0 3 0 0 0 0 0 0 0 3 77 0 14 0 0 9 0 9 0 0 0 40 0 0 0 9 0 0 0
smatch_type 705 4.325 15.875 0 1.175 0 0 0 0 13 0 0 0 0 0 0 0 4 635 0 68 5 0 40 5 40 0 0 0 207 0 0 0 52 0 0 0
smatch_type_links 0 3 12 0 1 0 0 0 0 3 0 0 0 0 0 0 0 1 24 0 16 1 0 2 1 2 0 0 0 13 0 0 0 3 0 0 0
smatch_type_val 3 3.61904761904762 17.2380952380952 0 1.66666666666667 0 0 0 0 13 0 0 0 0 0 0 0 2 362 0 41 5 0 21 5 21 0 0 0 170 0 0 0 26 0 0 0
smatch_unknown_value 2 1 5.33333333333333 0 1 0 0 0 0 2 0 0 0 0 0 0 0 1 16 0 8 5 0 3 5 3 0 0 0 15 0 0 0 2 0 0 0
smatch_untracked_param 0 2.58333333333333 13.6666666666667 0 1.83333333333333 0 0 0 0 10 0 0 0 0 0 0 0 3 164 0 29 3 0 12 3 12 0 0 0 76 0 0 0 30 0 0 0
smatch_var_sym 7 1.69230769230769 10.0769230769231 0 1.84615384615385 0 0 0 0 6 0 0 0 0 0 0 0 2 131 0 33 0 0 13 0 13 0 0 0 60 0 0 0 12 0 0 0
sort 7 8.33333333333333 62.6666666666667 0 3.33333333333333 0 0 0 0 5 0 0 0 0 0 0 0 1 188 0 106 0 0 3 0 3 0 0 0 17 0 0 0 5 0 0 0
sparse-llvm 0 4.33333333333333 27.6923076923077 0 1.94871794871795 0 0 0 0 21 0 0 0 0 0 0 0 1 1080 0 128 13 0 39 13 39 0 0 0 281 0 0 0 21 0 0 0
sparse 0 3.3125 14.875 0 1.875 0 0 0 0 10 0 0 0 0 0 0 0 1 238 0 28 2 0 16 2 16 0 0 0 101 0 0 0 10 0 0 0
storage 45 2.08 11.08 0 1.68 0 0 0 0 8 0 0 0 0 0 0 0 9 277 0 32 26 0 25 26 25 0 0 0 91 0 0 0 72 0 0 0
symbol 130 2.13636363636364 17.4090909090909 0 1.37878787878788 0 0 0 0 19 0 0 0 0 0 0 0 32 1149 0 158 152 0 66 152 66 0 0 0 385 0 0 0 608 0 0 0
target 34 1.33333333333333 5 0 1.33333333333333 0 0 0 0 0 0 0 0 0 0 0 0 1 15 0 7 19 0 3 19 3 0 0 0 6 0 0 0 0 0 0 0
test-dissect 0 1.57142857142857 12.4285714285714 0 2.14285714285714 0 0 0 0 9 0 0 0 0 0 0 0 1 87 0 19 1 0 7 1 7 0 0 0 54 0 0 0 9 0 0 0
test-inspect 0 1 11.5 0 1.5 0 0 0 0 4 0 0 0 0 0 0 0 1 23 0 16 0 0 2 0 2 0 0 0 8 0 0 0 4 0 0 0
test-lexing 0 1 13 0 2 0 0 0 0 2 0 0 0 0 0 0 0 1 13 0 13 0 0 1 0 1 0 0 0 5 0 0 0 2 0 0 0
test-linearize 0 1.5 12 0 1.5 0 0 0 0 4 0 0 0 0 0 0 0 1 24 0 13 0 0 2 0 2 0 0 0 9 0 0 0 4 0 0 0
test-parsing 0 1 24.5 0 1.5 0 0 0 0 5 0 0 0 0 0 0 0 1 49 0 41 0 0 2 0 2 0 0 0 9 0 0 0 5 0 0 0
test-sort 0 3 18 0 2 0 0 0 0 4 0 0 0 0 0 0 0 1 36 0 30 0 0 2 0 2 0 0 0 8 0 0 0 4 0 0 0
test-unssa 0 1.8 14.6 0 1.4 0 0 0 0 8 0 0 0 0 0 0 0 1 73 0 21 0 0 5 0 5 0 0 0 40 0 0 0 8 0 0 0
token 332 3.17391304347826 14.304347826087 0 1.43478260869565 0 0 0 0 13 0 0 0 0 0 0 0 7 329 0 62 48 0 23 48 23 0 0 0 117 0 0 0 91 0 0 0
token_store 9 2.5 12.8 0 1.4 0 0 0 0 3 0 0 0 0 0 0 0 3 128 0 33 5 0 10 5 10 0 0 0 46 0 0 0 9 0 0 0
tokenize 171 3.32432432432432 21.6486486486486 0 1.89189189189189 0 0 0 0 13 0 0 0 0 0 0 0 2 801 0 80 26 0 37 26 37 0 0 0 241 0 0 0 26 0 0 0
unssa 0 2 20.6 0 1 0 0 0 0 5 0 0 0 0 0 0 0 1 103 0 46 0 0 5 0 5 0 0 0 34 0 0 0 5 0 0 0
__func__ 0 1 6 0 1 0 0 0 0 0 0 0 0 0 0 0 0 1 6 0 6 0 0 1 0 1 0 0 0 1 0 0 0 0 0 0 0
abstract-array-declarator-static 0 1 1 0 1 0 0 0 0 0 0 0 0 0 0 0 0 5 5 0 1 0 0 5 0 5 0 0 0 5 0 0 0 0 0 0 0
address_space 0 1 2.5 0 1 0 0 0 0 0 0 0 0 0 0 0 0 1 5 0 4 0 0 2 0 2 0 0 0 3 0 0 0 0 0 0 0
anon-union 0 0 0 0 0 0 0 0 0 0 0 0 0 0 0 0 0 0 0 0 0 5 0 0 5 0 0 0 0 0 0 0 0 0 0 0 0
asm-empty-clobber 0 1 7 0 2 0 0 0 0 0 0 0 0 0 0 0 0 1 7 0 7 0 0 1 0 1 0 0 0 1 0 0 0 0 0 0 0
asm-goto-lables 0 2 18 0 1 0 0 0 0 0 0 0 0 0 0 0 0 1 18 0 18 0 0 1 0 1 0 0 0 1 0 0 0 0 0 0 0
attr-noclone 0 1 3 0 1 0 0 0 0 0 0 0 0 0 0 0 0 1 3 0 3 0 0 1 0 1 0 0 0 1 0 0 0 0 0 0 0
attr-warning 0 1 1 0 2 0 0 0 0 0 0 0 0 0 0 0 0 1 1 0 1 0 0 1 0 1 0 0 0 1 0 0 0 0 0 0 0
attr_in_parameter 0 1 3 0 1 0 0 0 0 1 0 0 0 0 0 0 0 2 6 0 5 2 0 2 2 2 0 0 0 5 0 0 0 2 0 0 0
attr_vector_size 0 0 0 0 0 0 0 0 0 0 0 0 0 0 0 0 0 0 0 0 0 0 0 0 0 0 0 0 0 0 0 0 0 0 0 0 0
arithmetic-ops 0 1 4 0 2 0 0 0 0 1 0 0 0 0 0 0 0 18 72 0 4 0 0 18 0 18 0 0 0 36 0 0 0 18 0 0 0
array 0 0 0 0 0 0 0 0 0 0 0 0 0 0 0 0 0 0 0 0 0 1 0 0 1 0 0 0 0 0 0 0 0 0 0 0 0
bitwise-ops 0 1 4 0 1.83333333333333 0 0 0 0 1 0 0 0 0 0 0 0 12 48 0 4 0 0 12 0 12 0 0 0 22 0 0 0 12 0 0 0
bool-test 0 1 4 0 1 0 0 0 0 0 0 0 0 0 0 0 0 1 4 0 4 0 0 1 0 1 0 0 0 1 0 0 0 0 0 0 0
cast 0 0 0 0 0 0 0 0 0 0 0 0 0 0 0 0 0 0 0 0 0 0 0 0 0 0 0 0 0 0 0 0 0 0 0 0 0
cmp-ops 0 1 4 0 2 0 0 0 0 1 0 0 0 0 0 0 0 16 64 0 4 0 0 16 0 16 0 0 0 32 0 0 0 16 0 0 0
extern 0 1 4 0 1 0 0 0 0 0 0 0 0 0 0 0 0 1 4 0 4 1 0 1 1 1 0 0 0 2 0 0 0 0 0 0 0
function-ptr 0 1 4 0 3 0 0 0 0 0 0 0 0 0 0 0 0 1 4 0 4 0 0 1 0 1 0 0 0 1 0 0 0 0 0 0 0
hello 0 1 6 0 2 0 0 0 0 0 0 0 0 0 0 0 0 1 6 0 6 0 0 1 0 1 0 0 0 1 0 0 0 0 0 0 0
int-cond 0 1.5 5.5 0 3 0 0 0 0 1 0 0 0 0 0 0 0 4 22 0 7 0 0 4 0 4 0 0 0 8 0 0 0 4 0 0 0
load-type 0 1 2 0 1 0 0 0 0 0 0 0 0 0 0 0 0 1 4 0 3 1 0 2 1 2 0 0 0 4 0 0 0 0 0 0 0
logical-ops 0 1 4 0 2 0 0 0 0 1 0 0 0 0 0 0 0 4 16 0 4 0 0 4 0 4 0 0 0 8 0 0 0 4 0 0 0
loop 0 1.5 5.5 0 1 0 0 0 0 1 0 0 0 0 0 0 0 1 11 0 10 0 0 2 0 2 0 0 0 4 0 0 0 1 0 0 0
loop2 104 1.5 4 0 1 0 0 0 0 1 0 0 0 0 0 0 0 1 8 0 7 0 0 2 0 2 0 0 0 4 0 0 0 1 0 0 0
ptrcast 0 1 4 0 1 0 0 0 0 1 0 0 0 0 0 0 0 1 4 0 4 0 0 1 0 1 0 0 0 2 0 0 0 1 0 0 0
store-type 0 1 4 0 1 0 0 0 0 1 0 0 0 0 0 0 0 1 4 0 4 1 0 1 1 1 0 0 0 3 0 0 0 1 0 0 0
struct-access 0 1 4 0 1.5 0 0 0 0 0 0 0 0 0 0 0 0 2 16 0 4 3 0 4 3 4 0 0 0 8 0 0 0 0 0 0 0
struct 503 0 0 0 0 0 0 0 0 0 0 0 0 0 0 0 0 0 0 0 0 68 0 0 68 0 0 0 0 0 0 0 0 0 0 0 0
sum 0 1.5 7 0 1.5 0 0 0 0 2 0 0 0 0 0 0 0 1 14 0 8 0 0 2 0 2 0 0 0 5 0 0 0 2 0 0 0
union 12 0 0 0 0 0 0 0 0 0 0 0 0 0 0 0 0 0 0 0 0 9 0 0 9 0 0 0 0 0 0 0 0 0 0 0 0
void-return-type 0 1 3.5 0 1 0 0 0 0 1 0 0 0 0 0 0 0 2 7 0 4 0 0 2 0 2 0 0 0 3 0 0 0 2 0 0 0
bad-array-designated-initializer 0 0 0 0 0 0 0 0 0 0 0 0 0 0 0 0 0 0 0 0 0 1 0 0 1 0 0 0 0 0 0 0 0 0 0 0 0
bad-assignment 0 1 6 0 1 0 0 0 0 0 0 0 0 0 0 0 0 1 6 0 6 0 0 1 0 1 0 0 0 1 0 0 0 0 0 0 0
bad-cast 0 1 4 0 1 0 0 0 0 0 0 0 0 0 0 0 0 1 4 0 4 0 0 1 0 1 0 0 0 1 0 0 0 0 0 0 0
bad-ternary-cond 0 1 4 0 1 0 0 0 0 0 0 0 0 0 0 0 0 1 4 0 4 0 0 1 0 1 0 0 0 1 0 0 0 0 0 0 0
bad-typeof 0 1 7 0 1 0 0 0 0 0 0 0 0 0 0 0 0 1 7 0 7 0 0 1 0 1 0 0 0 1 0 0 0 0 0 0 0
badtype1 0 1 1 0 1 0 0 0 0 0 0 0 0 0 0 0 0 1 1 0 1 0 0 1 0 1 0 0 0 1 0 0 0 0 0 0 0
badtype2 0 1.5 6 0 1 0 0 0 0 2 0 0 0 0 0 0 0 1 12 0 8 0 0 2 0 2 0 0 0 5 0 0 0 2 0 0 0
badtype3 0 3 9 0 2 0 0 0 0 0 0 0 0 0 0 0 0 1 9 0 9 0 0 1 0 1 0 0 0 1 0 0 0 0 0 0 0
badtype4 0 2 7 0 1 0 0 0 0 0 0 0 0 0 0 0 0 1 7 0 7 0 0 1 0 1 0 0 0 1 0 0 0 0 0 0 0
binary-constant 0 0 0 0 0 0 0 0 0 0 0 0 0 0 0 0 0 0 0 0 0 1 0 0 1 0 0 0 0 0 0 0 0 0 0 0 0
bitfields 0 1 4 0 1 0 0 0 0 0 0 0 0 0 0 0 0 1 4 0 4 4 0 1 4 1 0 0 0 1 0 0 0 0 0 0 0
bug_inline_switch 0 1.33333333333333 5.66666666666667 0 1 0 0 0 0 0 0 0 0 0 0 0 0 1 17 0 7 0 0 3 0 3 0 0 0 5 0 0 0 0 0 0 0
builtin_atomic 0 1 22 0 1 0 0 0 0 2 0 0 0 0 0 0 0 1 22 0 22 0 0 1 0 1 0 0 0 3 0 0 0 2 0 0 0
builtin_bswap 0 0 0 0 0 0 0 0 0 0 0 0 0 0 0 0 0 0 0 0 0 3 0 0 3 0 0 0 0 0 0 0 0 0 0 0 0
builtin_char_bit 0 0 0 0 0 0 0 0 0 0 0 0 0 0 0 0 0 0 0 0 0 1 0 0 1 0 0 0 0 0 0 0 0 0 0 0 0
builtin_safe1 13 1 11.5 0 1 0 0 0 0 2 0 0 0 0 0 0 0 1 23 0 19 0 0 2 0 2 0 0 0 6 0 0 0 2 0 0 0
builtin_unreachable 0 1.5 4 0 1 0 0 0 0 1 0 0 0 0 0 0 0 1 8 0 7 0 0 2 0 2 0 0 0 4 0 0 0 1 0 0 0
builtin_va_arg_pack 23 1 3.33333333333333 0 1.33333333333333 0 0 0 0 1 0 0 0 0 0 0 0 2 10 0 5 0 0 3 0 3 0 0 0 7 0 0 0 2 0 0 0
check_byte_count-ice 24 1 2.5 0 2 0 0 0 0 0 0 0 0 0 0 0 0 1 5 0 4 0 0 2 0 2 0 0 0 3 0 0 0 0 0 0 0
choose_expr 0 0 0 0 0 0 0 0 0 0 0 0 0 0 0 0 0 0 0 0 0 4 0 0 4 0 0 0 0 0 0 0 0 0 0 0 0
comma 0 1 6 0 1 0 0 0 0 2 0 0 0 0 0 0 0 1 6 0 6 2 0 1 2 1 0 0 0 3 0 0 0 2 0 0 0
compare-null-to-int 0 0 0 0 0 0 0 0 0 0 0 0 0 0 0 0 0 0 0 0 0 1 0 0 1 0 0 0 0 0 0 0 0 0 0 0 0
cond_expr 0 1 4 0 1 0 0 0 0 0 0 0 0 0 0 0 0 1 4 0 4 2 0 1 2 1 0 0 0 2 0 0 0 0 0 0 0
cond_expr2 8 1 6 0 1 0 0 0 0 0 0 0 0 0 0 0 0 1 6 0 6 3 0 1 3 1 0 0 0 4 0 0 0 0 0 0 0
cond_expr3 0 0 0 0 0 0 0 0 0 0 0 0 0 0 0 0 0 0 0 0 0 5 0 0 5 0 0 0 0 0 0 0 0 0 0 0 0
context 7 1.79487179487179 7 0 1 0 0 0 0 0 0 0 0 0 0 0 0 1 273 0 11 2 0 39 2 39 0 0 0 129 0 0 0 0 0 0 0
declaration-after-statement-ansi 0 1 5 0 1 0 0 0 0 2 0 0 0 0 0 0 0 1 5 0 5 0 0 1 0 1 0 0 0 3 0 0 0 2 0 0 0
declaration-after-statement-c89 0 1 5 0 1 0 0 0 0 2 0 0 0 0 0 0 0 1 5 0 5 0 0 1 0 1 0 0 0 3 0 0 0 2 0 0 0
declaration-after-statement-c99 0 1 5 0 1 0 0 0 0 2 0 0 0 0 0 0 0 1 5 0 5 0 0 1 0 1 0 0 0 3 0 0 0 2 0 0 0
declaration-after-statement-default 0 1 5 0 1 0 0 0 0 2 0 0 0 0 0 0 0 1 5 0 5 0 0 1 0 1 0 0 0 3 0 0 0 2 0 0 0
definitions 0 1 4 0 1 0 0 0 0 0 0 0 0 0 0 0 0 1 8 0 4 0 0 2 0 2 0 0 0 3 0 0 0 0 0 0 0
designated-init 6 1 5.69230769230769 0 1 0 0 0 0 0 0 0 0 0 0 0 0 13 74 0 7 30 0 13 30 13 0 0 0 13 0 0 0 0 0 0 0
div 0 0 0 0 0 0 0 0 0 0 0 0 0 0 0 0 0 0 0 0 0 9 0 0 9 0 0 0 0 0 0 0 0 0 0 0 0
double-semicolon 0 1 3 0 2 0 0 0 0 0 0 0 0 0 0 0 0 1 6 0 5 0 0 2 0 2 0 0 0 3 0 0 0 0 0 0 0
dubious-bitwise-with-not 0 0 0 0 0 0 0 0 0 0 0 0 0 0 0 0 0 0 0 0 0 12 0 0 12 0 0 0 0 0 0 0 0 0 0 0 0
enum-common 0 2.5 16 0 1 0 0 0 0 2 0 0 0 0 0 0 0 1 96 0 34 4 0 6 4 6 0 0 0 28 0 0 0 2 0 0 0
enum_scope 0 1 5 0 1 0 0 0 0 0 0 0 0 0 0 0 0 1 5 0 5 0 0 1 0 1 0 0 0 1 0 0 0 0 0 0 0
escapes 0 0 0 0 0 0 0 0 0 0 0 0 0 0 0 0 0 0 0 0 0 11 0 0 11 0 0 0 0 0 0 0 0 0 0 0 0
extern-array 0 1 4 0 1 0 0 0 0 0 0 0 0 0 0 0 0 1 4 0 4 1 0 1 1 1 0 0 0 2 0 0 0 0 0 0 0
extern-inline 1 1 4 0 1 0 0 0 0 1 0 0 0 0 0 0 0 1 8 0 4 0 0 2 0 2 0 0 0 5 0 0 0 1 0 0 0
field-overlap 1 0 0 0 0 0 0 0 0 0 0 0 0 0 0 0 0 0 0 0 0 12 0 0 12 0 0 0 0 0 0 0 0 0 0 0 0
fored_arg 0 1 4 0 1 0 0 0 0 0 0 0 0 0 0 0 0 1 8 0 5 0 0 2 0 2 0 0 0 3 0 0 0 0 0 0 0
foul-bitwise 0 1 4 0 1 0 0 0 0 0 0 0 0 0 0 0 0 3 12 0 4 0 0 3 0 3 0 0 0 3 0 0 0 0 0 0 0
function-pointer-modifier-inheritance 0 1 4 0 5 0 0 0 0 0 0 0 0 0 0 0 0 2 8 0 7 0 0 2 0 2 0 0 0 2 0 0 0 0 0 0 0
goto-label 0 1.66666666666667 5.66666666666667 0 1 0 0 0 0 0 0 0 0 0 0 0 0 3 17 0 7 0 0 3 0 3 0 0 0 3 0 0 0 0 0 0 0
identifier_list 17 1 1 0 1.66666666666667 0 0 0 0 0 0 0 0 0 0 0 0 3 3 0 1 0 0 3 0 3 0 0 0 3 0 0 0 0 0 0 0
init-char-array 0 1 7 0 1 0 0 0 0 2 0 0 0 0 0 0 0 1 7 0 7 4 0 1 4 1 0 0 0 7 0 0 0 2 0 0 0
init-char-array1 0 1 7 0 1 0 0 0 0 2 0 0 0 0 0 0 0 1 7 0 7 5 0 1 5 1 0 0 0 7 0 0 0 2 0 0 0
init_cstring 0 0 0 0 0 0 0 0 0 0 0 0 0 0 0 0 0 0 0 0 0 2 0 0 2 0 0 0 0 0 0 0 0 0 0 0 0
initializer-entry-defined-twice 0 0 0 0 0 0 0 0 0 0 0 0 0 0 0 0 0 0 0 0 0 15 0 0 15 0 0 0 0 0 0 0 0 0 0 0 0
inline_compound_literals 0 1 4 0 1 0 0 0 0 0 0 0 0 0 0 0 0 1 12 0 4 8 0 3 8 3 0 0 0 5 0 0 0 0 0 0 0
integer-promotions 0 1 4 0 1 0 0 0 0 0 0 0 0 0 0 0 0 1 4 0 4 0 0 1 0 1 0 0 0 1 0 0 0 0 0 0 0
ioc-typecheck 0 0 0 0 0 0 0 0 0 0 0 0 0 0 0 0 0 0 0 0 0 2 0 0 2 0 0 0 0 0 0 0 0 0 0 0 0
label-asm 0 1 6 0 1 0 0 0 0 1 0 0 0 0 0 0 0 1 6 0 6 0 0 1 0 1 0 0 0 2 0 0 0 1 0 0 0
label-attr 0 1 6 0 1 0 0 0 0 0 0 0 0 0 0 0 0 1 6 0 6 0 0 1 0 1 0 0 0 1 0 0 0 0 0 0 0
label-scope 0 1 4.5 0 1 0 0 0 0 0 0 0 0 0 0 0 0 2 9 0 5 0 0 2 0 2 0 0 0 2 0 0 0 0 0 0 0
local-label 0 1.5 4 0 1 0 0 0 0 1 0 0 0 0 0 0 0 1 8 0 7 0 0 2 0 2 0 0 0 4 0 0 0 1 0 0 0
logical 0 1 3.4 0 1 0 0 0 0 0 0 0 0 0 0 0 0 1 17 0 7 0 0 5 0 5 0 0 0 11 0 0 0 0 0 0 0
member_of_typeof 0 1 5 0 1 0 0 0 0 2 0 0 0 0 0 0 0 1 5 0 5 9 0 1 9 1 0 0 0 3 0 0 0 2 0 0 0
missing-ident 11 0 0 0 0 0 0 0 0 0 0 0 0 0 0 0 0 0 0 0 0 1 0 0 1 0 0 0 0 0 0 0 0 0 0 0 0
multi_typedef 0 1 5 0 1 0 0 0 0 0 0 0 0 0 0 0 0 2 10 0 5 0 0 2 0 2 0 0 0 2 0 0 0 0 0 0 0
nested-declarator 0 1 3.2 0 1 0 0 0 0 3 0 0 0 0 0 0 0 4 16 0 6 1 0 5 1 5 0 0 0 10 0 0 0 12 0 0 0
nested-declarator2 0 1 1.64285714285714 0 0.928571428571429 0 0 0 0 3 0 0 0 0 0 0 0 3 23 0 6 3 0 14 3 14 0 0 0 29 0 0 0 9 0 0 0
noderef 3 1 31 0 1 0 0 0 0 2 0 0 0 0 0 0 0 1 31 0 31 3 0 1 3 1 0 0 0 7 0 0 0 2 0 0 0
non-pointer-null 0 0 0 0 0 0 0 0 0 0 0 0 0 0 0 0 0 0 0 0 0 1 0 0 1 0 0 0 0 0 0 0 0 0 0 0 0
old-initializer-nowarn 0 0 0 0 0 0 0 0 0 0 0 0 0 0 0 0 0 0 0 0 0 4 0 0 4 0 0 0 0 0 0 0 0 0 0 0 0
old-initializer 0 0 0 0 0 0 0 0 0 0 0 0 0 0 0 0 0 0 0 0 0 4 0 0 4 0 0 0 0 0 0 0 0 0 0 0 0
outer-scope 0 0 0 0 0 0 0 0 0 0 0 0 0 0 0 0 0 0 0 0 0 3 0 0 3 0 0 0 0 0 0 0 0 0 0 0 0
preprocessor1 0 0 0 0 0 0 0 0 0 0 0 0 0 0 0 0 0 0 0 0 0 0 0 0 0 0 0 0 0 0 0 0 0 0 0 0 0
preprocessor10 0 0 0 0 0 0 0 0 0 0 0 0 0 0 0 0 0 0 0 0 0 0 0 0 0 0 0 0 0 0 0 0 0 0 0 0 0
preprocessor11 0 0 0 0 0 0 0 0 0 0 0 0 0 0 0 0 0 0 0 0 0 0 0 0 0 0 0 0 0 0 0 0 0 0 0 0 0
preprocessor12 0 0 0 0 0 0 0 0 0 0 0 0 0 0 0 0 0 0 0 0 0 0 0 0 0 0 0 0 0 0 0 0 0 0 0 0 0
preprocessor13 0 0 0 0 0 0 0 0 0 0 0 0 0 0 0 0 0 0 0 0 0 0 0 0 0 0 0 0 0 0 0 0 0 0 0 0 0
preprocessor14 0 0 0 0 0 0 0 0 0 0 0 0 0 0 0 0 0 0 0 0 0 0 0 0 0 0 0 0 0 0 0 0 0 0 0 0 0
preprocessor15 0 0 0 0 0 0 0 0 0 0 0 0 0 0 0 0 0 0 0 0 0 0 0 0 0 0 0 0 0 0 0 0 0 0 0 0 0
preprocessor18 0 0 0 0 0 0 0 0 0 0 0 0 0 0 0 0 0 0 0 0 0 0 0 0 0 0 0 0 0 0 0 0 0 0 0 0 0
preprocessor19 0 0 0 0 0 0 0 0 0 0 0 0 0 0 0 0 0 0 0 0 0 0 0 0 0 0 0 0 0 0 0 0 0 0 0 0 0
preprocessor2 0 0 0 0 0 0 0 0 0 0 0 0 0 0 0 0 0 0 0 0 0 0 0 0 0 0 0 0 0 0 0 0 0 0 0 0 0
preprocessor20 0 0 0 0 0 0 0 0 0 0 0 0 0 0 0 0 0 0 0 0 0 0 0 0 0 0 0 0 0 0 0 0 0 0 0 0 0
preprocessor22 0 1 1 0 2 0 0 0 0 0 0 0 0 0 0 0 0 1 1 0 1 0 0 1 0 1 0 0 0 1 0 0 0 0 0 0 0
preprocessor23 0 0 0 0 0 0 0 0 0 0 0 0 0 0 0 0 0 0 0 0 0 0 0 0 0 0 0 0 0 0 0 0 0 0 0 0 0
preprocessor3 0 0 0 0 0 0 0 0 0 0 0 0 0 0 0 0 0 0 0 0 0 0 0 0 0 0 0 0 0 0 0 0 0 0 0 0 0
preprocessor4 0 0 0 0 0 0 0 0 0 0 0 0 0 0 0 0 0 0 0 0 0 0 0 0 0 0 0 0 0 0 0 0 0 0 0 0 0
preprocessor5 0 0 0 0 0 0 0 0 0 0 0 0 0 0 0 0 0 0 0 0 0 0 0 0 0 0 0 0 0 0 0 0 0 0 0 0 0
preprocessor6 0 0 0 0 0 0 0 0 0 0 0 0 0 0 0 0 0 0 0 0 0 0 0 0 0 0 0 0 0 0 0 0 0 0 0 0 0
preprocessor7 0 0 0 0 0 0 0 0 0 0 0 0 0 0 0 0 0 0 0 0 0 0 0 0 0 0 0 0 0 0 0 0 0 0 0 0 0
preprocessor8 0 0 0 0 0 0 0 0 0 0 0 0 0 0 0 0 0 0 0 0 0 0 0 0 0 0 0 0 0 0 0 0 0 0 0 0 0
preprocessor9 0 0 0 0 0 0 0 0 0 0 0 0 0 0 0 0 0 0 0 0 0 0 0 0 0 0 0 0 0 0 0 0 0 0 0 0 0
stringify 0 0 0 0 0 0 0 0 0 0 0 0 0 0 0 0 0 0 0 0 0 0 0 0 0 0 0 0 0 0 0 0 0 0 0 0 0
reserved 0 1 1 0 1 0 0 0 0 0 0 0 0 0 0 0 0 17 17 0 1 0 0 17 0 17 0 0 0 17 0 0 0 0 0 0 0
restrict-array 0 1 1 0 4 0 0 0 0 0 0 0 0 0 0 0 0 1 1 0 1 0 0 1 0 1 0 0 0 1 0 0 0 0 0 0 0
sizeof-bool 0 1 4 0 1 0 0 0 0 0 0 0 0 0 0 0 0 1 4 0 4 0 0 1 0 1 0 0 0 1 0 0 0 0 0 0 0
sizeof-compound-postfix 0 1 4 0 1 0 0 0 0 0 0 0 0 0 0 0 0 1 4 0 4 8 0 1 8 1 0 0 0 1 0 0 0 0 0 0 0
sm_absolute1 0 1 6 0 1 0 0 0 0 0 0 0 0 0 0 0 0 1 6 0 6 2 0 1 2 1 0 0 0 2 0 0 0 0 0 0 0
sm_absolute2 0 1 14 0 1 0 0 0 0 0 0 0 0 0 0 0 0 1 14 0 14 2 0 1 2 1 0 0 0 1 0 0 0 0 0 0 0
sm_array_overflow 0 3 28 0 1 0 0 0 0 3 0 0 0 0 0 0 0 1 28 0 28 5 0 1 5 1 0 0 0 7 0 0 0 3 0 0 0
sm_array_overflow2 0 4 10 0 1 0 0 0 0 1 0 0 0 0 0 0 0 1 10 0 10 3 0 1 3 1 0 0 0 3 0 0 0 1 0 0 0
sm_array_overflow3 0 2 9 0 1 0 0 0 0 2 0 0 0 0 0 0 0 1 9 0 9 1 0 1 1 1 0 0 0 3 0 0 0 2 0 0 0
sm_array_overflow4 0 1 23 0 1 0 0 0 0 4 0 0 0 0 0 0 0 1 23 0 23 1 0 1 1 1 0 0 0 6 0 0 0 4 0 0 0
sm_array_overflow5 0 1.5 6 0 1.5 0 0 0 0 1 0 0 0 0 0 0 0 1 12 0 11 8 0 2 8 2 0 0 0 4 0 0 0 1 0 0 0
sm_bitwise1 0 1 7 0 1 0 0 0 0 0 0 0 0 0 0 0 0 1 7 0 7 1 0 1 1 1 0 0 0 1 0 0 0 0 0 0 0
sm_bitwise2 0 3 8 0 1 0 0 0 0 0 0 0 0 0 0 0 0 1 8 0 8 2 0 1 2 1 0 0 0 1 0 0 0 0 0 0 0
sm_buf_size1 0 1 12 0 1 0 0 0 0 2 0 0 0 0 0 0 0 1 12 0 12 0 0 1 0 1 0 0 0 3 0 0 0 2 0 0 0
sm_buf_size2 0 1 7 0 1 0 0 0 0 1 0 0 0 0 0 0 0 1 14 0 13 0 0 2 0 2 0 0 0 4 0 0 0 1 0 0 0
sm_buf_size3 47 1 4.5 0 1 0 0 0 0 0 0 0 0 0 0 0 0 1 9 0 8 0 0 2 0 2 0 0 0 3 0 0 0 0 0 0 0
sm_buf_size4 0 1 9 0 1 0 0 0 0 0 0 0 0 0 0 0 0 1 9 0 9 2 0 1 2 1 0 0 0 2 0 0 0 0 0 0 0
sm_buf_size5 0 1 11 0 1 0 0 0 0 1 0 0 0 0 0 0 0 1 11 0 11 8 0 1 8 1 0 0 0 3 0 0 0 1 0 0 0
sm_buf_size6 0 1 8 0 1 0 0 0 0 1 0 0 0 0 0 0 0 1 16 0 15 0 0 2 0 2 0 0 0 4 0 0 0 1 0 0 0
sm_buf_size7 0 1 12 0 1 0 0 0 0 2 0 0 0 0 0 0 0 1 12 0 12 0 0 1 0 1 0 0 0 3 0 0 0 2 0 0 0
sm_buf_size8 0 1 19 0 1 0 0 0 0 3 0 0 0 0 0 0 0 1 19 0 19 21 0 1 21 1 0 0 0 6 0 0 0 3 0 0 0
sm_casts 0 3 22.5 0 1 0 0 0 0 1 0 0 0 0 0 0 0 1 45 0 24 0 0 2 0 2 0 0 0 4 0 0 0 1 0 0 0
sm_casts2 0 4 20.5 0 1 0 0 0 0 0 0 0 0 0 0 0 0 1 41 0 24 4 0 2 4 2 0 0 0 5 0 0 0 0 0 0 0
sm_casts3 0 1 6 0 1 0 0 0 0 0 0 0 0 0 0 0 0 1 6 0 6 2 0 1 2 1 0 0 0 2 0 0 0 0 0 0 0
sm_casts4 236 7 26 0 1 0 0 0 0 0 0 0 0 0 0 0 0 1 26 0 26 6 0 1 6 1 0 0 0 7 0 0 0 0 0 0 0
sm_casts5 0 7 26 0 1 0 0 0 0 0 0 0 0 0 0 0 0 1 26 0 26 6 0 1 6 1 0 0 0 7 0 0 0 0 0 0 0
sm_casts6 0 7 26 0 1 0 0 0 0 0 0 0 0 0 0 0 0 1 26 0 26 6 0 1 6 1 0 0 0 7 0 0 0 0 0 0 0
sm_casts7 0 1 7 0 1 0 0 0 0 0 0 0 0 0 0 0 0 1 7 0 7 2 0 1 2 1 0 0 0 1 0 0 0 0 0 0 0
sm_check_kunmap 57 1 2.33333333333333 0 0.833333333333333 0 0 0 0 0 0 0 0 0 0 0 0 2 14 0 9 4 0 6 4 6 0 0 0 12 0 0 0 0 0 0 0
sm_chunk1 0 2 9 0 2 0 0 0 0 0 0 0 0 0 0 0 0 1 9 0 9 0 0 1 0 1 0 0 0 1 0 0 0 0 0 0 0
sm_chunk2 0 2 12 0 1 0 0 0 0 2 0 0 0 0 0 0 0 1 24 0 23 0 0 2 0 2 0 0 0 5 0 0 0 2 0 0 0
sm_compare 0 8 22 0 1 0 0 0 0 0 0 0 0 0 0 0 0 1 22 0 22 3 0 1 3 1 0 0 0 2 0 0 0 0 0 0 0
sm_compare10 0 3 8 0 1 0 0 0 0 0 0 0 0 0 0 0 0 1 8 0 8 3 0 1 3 1 0 0 0 2 0 0 0 0 0 0 0
sm_compare11 0 2 7 0 1 0 0 0 0 0 0 0 0 0 0 0 0 1 7 0 7 4 0 1 4 1 0 0 0 3 0 0 0 0 0 0 0
sm_compare12 0 1 8 0 1 0 0 0 0 0 0 0 0 0 0 0 0 1 8 0 8 4 0 1 4 1 0 0 0 3 0 0 0 0 0 0 0
sm_compare13 0 3 13 0 2 0 0 0 0 0 0 0 0 0 0 0 0 1 13 0 13 0 0 1 0 1 0 0 0 1 0 0 0 0 0 0 0
sm_compare14 0 2.5 7.5 0 1.5 0 0 0 0 0 0 0 0 0 0 0 0 1 15 0 8 2 0 2 2 2 0 0 0 3 0 0 0 0 0 0 0
sm_compare15 0 1.5 5 0 1.5 0 0 0 0 1 0 0 0 0 0 0 0 1 10 0 6 1 0 2 1 2 0 0 0 4 0 0 0 1 0 0 0
sm_compare16 0 1.5 5 0 1.5 0 0 0 0 1 0 0 0 0 0 0 0 1 10 0 6 1 0 2 1 2 0 0 0 4 0 0 0 1 0 0 0
sm_compare2 0 6 23 0 1 0 0 0 0 0 0 0 0 0 0 0 0 1 23 0 23 3 0 1 3 1 0 0 0 1 0 0 0 0 0 0 0
sm_compare3 27 5 25 0 1 0 0 0 0 0 0 0 0 0 0 0 0 1 25 0 25 7 0 1 7 1 0 0 0 6 0 0 0 0 0 0 0
sm_compare4 0 3 9 0 1 0 0 0 0 0 0 0 0 0 0 0 0 1 18 0 17 4 0 2 4 2 0 0 0 5 0 0 0 0 0 0 0
sm_compare5 0 3 14 0 1 0 0 0 0 0 0 0 0 0 0 0 0 1 14 0 14 4 0 1 4 1 0 0 0 3 0 0 0 0 0 0 0
sm_compare6 0 2 12 0 1 0 0 0 0 2 0 0 0 0 0 0 0 1 12 0 12 0 0 1 0 1 0 0 0 3 0 0 0 2 0 0 0
sm_compare7 0 3 11 0 1 0 0 0 0 0 0 0 0 0 0 0 0 1 11 0 11 6 0 1 6 1 0 0 0 5 0 0 0 0 0 0 0
sm_compare8 0 1 5 0 1 0 0 0 0 0 0 0 0 0 0 0 0 1 5 0 5 2 0 1 2 1 0 0 0 1 0 0 0 0 0 0 0
sm_compare9 0 1 5 0 1 0 0 0 0 0 0 0 0 0 0 0 0 1 5 0 5 2 0 1 2 1 0 0 0 1 0 0 0 0 0 0 0
sm_compound_condition 0 3 12 0 1 0 0 0 0 0 0 0 0 0 0 0 0 1 12 0 12 6 0 1 6 1 0 0 0 1 0 0 0 0 0 0 0
sm_compound_conditions2 0 14 45 0 1 0 0 0 0 0 0 0 0 0 0 0 0 1 45 0 45 4 0 1 4 1 0 0 0 2 0 0 0 0 0 0 0
sm_compound_conditions3 1 4 14 0 1 0 0 0 0 0 0 0 0 0 0 0 0 1 14 0 14 1 0 1 1 1 0 0 0 2 0 0 0 0 0 0 0
sm_deref_check_deref 10 5 18 0 1 0 0 0 0 4 0 0 0 0 0 0 0 1 18 0 18 8 0 1 8 1 0 0 0 7 0 0 0 4 0 0 0
sm_dev_hold 0 1.66666666666667 4.66666666666667 0 1 0 0 0 0 0 0 0 0 0 0 0 0 1 14 0 12 3 0 3 3 3 0 0 0 8 0 0 0 0 0 0 0
sm_double_free1 0 1 11 0 1 0 0 0 0 2 0 0 0 0 0 0 0 1 11 0 11 0 0 1 0 1 0 0 0 3 0 0 0 2 0 0 0
sm_double_free2 0 2 14 0 1 0 0 0 0 3 0 0 0 0 0 0 0 1 14 0 14 4 0 1 4 1 0 0 0 4 0 0 0 3 0 0 0
sm_efault 0 1.5 5 0 0.5 0 0 0 0 0 0 0 0 0 0 0 0 1 10 0 9 0 0 2 0 2 0 0 0 3 0 0 0 0 0 0 0
sm_equiv1 55 2 10 0 0.5 0 0 0 0 0 0 0 0 0 0 0 0 1 20 0 19 2 0 2 2 2 0 0 0 5 0 0 0 0 0 0 0
sm_equiv2 0 2 9 0 0.5 0 0 0 0 0 0 0 0 0 0 0 0 2 18 0 17 3 0 2 3 2 0 0 0 4 0 0 0 0 0 0 0
sm_equiv3 4 2 14 0 0.666666666666667 0 0 0 0 0 0 0 0 0 0 0 0 2 42 0 24 3 0 3 3 3 0 0 0 6 0 0 0 0 0 0 0
sm_equiv4 0 1 3.33333333333333 0 0.666666666666667 0 0 0 0 0 0 0 0 0 0 0 0 1 10 0 8 3 0 3 3 3 0 0 0 7 0 0 0 0 0 0 0
sm_err_ptr 0 1.33333333333333 4.66666666666667 0 0.666666666666667 0 0 0 0 1 0 0 0 0 0 0 0 1 14 0 12 0 0 3 0 3 0 0 0 6 0 0 0 1 0 0 0
sm_fake_assignment 0 1 11 0 1 0 0 0 0 1 0 0 0 0 0 0 0 1 11 0 11 6 0 1 6 1 0 0 0 4 0 0 0 1 0 0 0
sm_get_user1 0 2 23 0 1 0 0 0 0 1 0 0 0 0 0 0 0 2 46 0 24 0 0 2 0 2 0 0 0 3 0 0 0 2 0 0 0
sm_implied 0 4 15 0 1 0 0 0 0 1 0 0 0 0 0 0 0 1 15 0 15 6 0 1 6 1 0 0 0 3 0 0 0 1 0 0 0
sm_implied10 48 2 7 0 1 0 0 0 0 3 0 0 0 0 0 0 0 1 14 0 13 2 0 2 2 2 0 0 0 10 0 0 0 3 0 0 0
sm_implied11 0 2.5 20 0 1 0 0 0 0 1 0 0 0 0 0 0 0 1 40 0 24 9 0 2 9 2 0 0 0 5 0 0 0 1 0 0 0
sm_implied12 0 3 21 0 1 0 0 0 0 1 0 0 0 0 0 0 0 1 42 0 24 10 0 2 10 2 0 0 0 5 0 0 0 1 0 0 0
sm_implied13 0 3 12 0 1 0 0 0 0 0 0 0 0 0 0 0 0 1 12 0 12 0 0 1 0 1 0 0 0 1 0 0 0 0 0 0 0
sm_implied2 0 6 25 0 1 0 0 0 0 1 0 0 0 0 0 0 0 1 25 0 25 7 0 1 7 1 0 0 0 3 0 0 0 1 0 0 0
sm_implied3 0 7 23 0 1 0 0 0 0 2 0 0 0 0 0 0 0 1 23 0 23 6 0 1 6 1 0 0 0 4 0 0 0 2 0 0 0
sm_implied4 0 2.5 5.5 0 1 0 0 0 0 0 0 0 0 0 0 0 0 1 22 0 19 3 0 4 3 4 0 0 0 8 0 0 0 0 0 0 0
sm_implied5 0 3 13 0 1 0 0 0 0 2 0 0 0 0 0 0 0 1 13 0 13 5 0 1 5 1 0 0 0 4 0 0 0 2 0 0 0
sm_implied6 0 4 23 0 1 0 0 0 0 1 0 0 0 0 0 0 0 1 23 0 23 15 0 1 15 1 0 0 0 4 0 0 0 1 0 0 0
sm_implied7 1 3 10 0 1 0 0 0 0 0 0 0 0 0 0 0 0 1 10 0 10 3 0 1 3 1 0 0 0 2 0 0 0 0 0 0 0
sm_implied8 2 5.5 20.5 0 1 0 0 0 0 3 0 0 0 0 0 0 0 1 41 0 24 3 0 2 3 2 0 0 0 12 0 0 0 3 0 0 0
sm_implied9 0 2.5 9.5 0 1 0 0 0 0 1 0 0 0 0 0 0 0 1 19 0 18 0 0 2 0 2 0 0 0 4 0 0 0 1 0 0 0
sm_impossible1 7 1.5 5.5 0 1.5 0 0 0 0 0 0 0 0 0 0 0 0 1 11 0 7 0 0 2 0 2 0 0 0 3 0 0 0 0 0 0 0
sm_inline1 0 1 10.5 0 1 0 0 0 0 0 0 0 0 0 0 0 0 1 21 0 16 2 0 2 2 2 0 0 0 3 0 0 0 0 0 0 0
sm_inline2 0 1.5 6 0 1 0 0 0 0 0 0 0 0 0 0 0 0 1 12 0 7 1 0 2 1 2 0 0 0 3 0 0 0 0 0 0 0
sm_inline3 0 1 5.66666666666667 0 1.66666666666667 0 0 0 0 3 0 0 0 0 0 0 0 1 17 0 11 9 0 3 9 3 0 0 0 10 0 0 0 3 0 0 0
sm_locking 0 2 8 0 1 0 0 0 0 0 0 0 0 0 0 0 0 1 24 0 22 2 0 3 2 3 0 0 0 5 0 0 0 0 0 0 0
sm_locking2 0 1.75 6 0 1 0 0 0 0 0 0 0 0 0 0 0 0 1 24 0 21 2 0 4 2 4 0 0 0 7 0 0 0 0 0 0 0
sm_locking3 0 1.5 5 0 1 0 0 0 0 1 0 0 0 0 0 0 0 2 20 0 17 0 0 4 0 4 0 0 0 7 0 0 0 2 0 0 0
sm_locking4 0 2.5 5.5 0 1 0 0 0 0 0 0 0 0 0 0 0 0 1 22 0 19 2 0 4 2 4 0 0 0 7 0 0 0 0 0 0 0
sm_locking6 0 1.6 3.6 0 1 0 0 0 0 0 0 0 0 0 0 0 0 4 18 0 14 1 0 5 1 5 0 0 0 7 0 0 0 0 0 0 0
sm_loops1 0 3 21 0 1 0 0 0 0 1 0 0 0 0 0 0 0 2 42 0 24 0 0 2 0 2 0 0 0 3 0 0 0 2 0 0 0
sm_loops2 0 4 11.5 0 1 0 0 0 0 0 0 0 0 0 0 0 0 1 23 0 22 2 0 2 2 2 0 0 0 4 0 0 0 0 0 0 0
sm_loops3 0 2.5 8.5 0 1 0 0 0 0 0 0 0 0 0 0 0 0 2 17 0 16 2 0 2 2 2 0 0 0 4 0 0 0 0 0 0 0
sm_loops4 0 3 8.5 0 1 0 0 0 0 1 0 0 0 0 0 0 0 1 17 0 16 3 0 2 3 2 0 0 0 6 0 0 0 1 0 0 0
sm_macros 0 1 13 0 1 0 0 0 0 0 0 0 0 0 0 0 0 1 13 0 13 1 0 1 1 1 0 0 0 1 0 0 0 0 0 0 0
sm_math1 0 2 11 0 0.5 0 0 0 0 1 0 0 0 0 0 0 0 1 22 0 21 0 0 2 0 2 0 0 0 4 0 0 0 1 0 0 0
sm_math2 105 1 10 0 1 0 0 0 0 1 0 0 0 0 0 0 0 1 10 0 10 1 0 1 1 1 0 0 0 3 0 0 0 1 0 0 0
sm_memleak2 0 1 9 0 1 0 0 0 0 2 0 0 0 0 0 0 0 1 9 0 9 0 0 1 0 1 0 0 0 3 0 0 0 2 0 0 0
sm_memory 0 1.5 9 0 1 0 0 0 0 0 0 0 0 0 0 0 0 1 18 0 17 7 0 2 7 2 0 0 0 3 0 0 0 0 0 0 0
sm_netdevice 0 1 8 0 1 0 0 0 0 0 0 0 0 0 0 0 0 1 16 0 15 1 0 2 1 2 0 0 0 3 0 0 0 0 0 0 0
sm_null_deref 0 8 39 0 1 0 0 0 0 2 0 0 0 0 0 0 0 1 39 0 39 12 0 1 12 1 0 0 0 5 0 0 0 2 0 0 0
sm_null_deref2 1 5 14 0 1 0 0 0 0 0 0 0 0 0 0 0 0 1 14 0 14 4 0 1 4 1 0 0 0 3 0 0 0 0 0 0 0
sm_overflow 0 1 9 0 2 0 0 0 0 1 0 0 0 0 0 0 0 1 9 0 9 3 0 1 3 1 0 0 0 4 0 0 0 1 0 0 0
sm_overflow3 0 1 8.5 0 2.5 0 0 0 0 3 0 0 0 0 0 0 0 1 17 0 16 0 0 2 0 2 0 0 0 7 0 0 0 3 0 0 0
sm_overflow4 21 1 3 0 2 0 0 0 0 1 0 0 0 0 0 0 0 1 9 0 7 0 0 3 0 3 0 0 0 6 0 0 0 1 0 0 0
sm_overflow5 0 1 3.33333333333333 0 2 0 0 0 0 1 0 0 0 0 0 0 0 1 10 0 8 0 0 3 0 3 0 0 0 6 0 0 0 1 0 0 0
sm_overflow6 187 1.2 2.8 0 2.2 0 0 0 0 1 0 0 0 0 0 0 0 2 14 0 10 1 0 5 1 5 0 0 0 10 0 0 0 2 0 0 0
sm_precedence 0 5.5 23.5 0 1 0 0 0 0 1 0 0 0 0 0 0 0 1 47 0 24 15 0 2 15 2 0 0 0 7 0 0 0 1 0 0 0
sm_range1 89 4 16 0 1 0 0 0 0 1 0 0 0 0 0 0 0 1 16 0 16 7 0 1 7 1 0 0 0 5 0 0 0 1 0 0 0
sm_range2 35 1 12.5 0 1 0 0 0 0 0 0 0 0 0 0 0 0 2 25 0 24 5 0 2 5 2 0 0 0 2 0 0 0 0 0 0 0
sm_range3 0 11 55 0 1 0 0 0 0 0 0 0 0 0 0 0 0 1 55 0 55 1 0 1 1 1 0 0 0 1 0 0 0 0 0 0 0
sm_range4 0 4 18 0 1 0 0 0 0 0 0 0 0 0 0 0 0 1 18 0 18 3 0 1 3 1 0 0 0 2 0 0 0 0 0 0 0
sm_rosenberg 0 1.25 10.25 0 2 0 0 0 0 2 0 0 0 0 0 0 0 1 41 0 38 14 0 4 14 4 0 0 0 15 0 0 0 2 0 0 0
sm_select 0 3 17 0 1 0 0 0 0 1 0 0 0 0 0 0 0 1 17 0 17 13 0 1 13 1 0 0 0 5 0 0 0 1 0 0 0
sm_select3 0 16 61 0 1 0 0 0 0 0 0 0 0 0 0 0 0 1 61 0 61 3 0 1 3 1 0 0 0 2 0 0 0 0 0 0 0
sm_select4 0 2 17 0 1 0 0 0 0 0 0 0 0 0 0 0 0 1 34 0 24 3 0 2 3 2 0 0 0 4 0 0 0 0 0 0 0
sm_select5 0 1.5 8 0 1 0 0 0 0 0 0 0 0 0 0 0 0 1 16 0 12 1 0 2 1 2 0 0 0 3 0 0 0 0 0 0 0
sm_select_assign 0 2 22.5 0 1 0 0 0 0 1 0 0 0 0 0 0 0 1 45 0 24 0 0 2 0 2 0 0 0 4 0 0 0 1 0 0 0
sm_skb 38 1 6.5 0 1 0 0 0 0 2 0 0 0 0 0 0 0 1 13 0 12 24 0 2 24 2 0 0 0 12 0 0 0 2 0 0 0
sm_strlen 0 1.66666666666667 5 0 1 0 0 0 0 1 0 0 0 0 0 0 0 1 15 0 13 0 0 3 0 3 0 0 0 6 0 0 0 1 0 0 0
sm_strlen2 50 2 6 0 1.66666666666667 0 0 0 0 0 0 0 0 0 0 0 0 1 18 0 16 0 0 3 0 3 0 0 0 5 0 0 0 0 0 0 0
sm_strlen3 0 1 2.33333333333333 0 1.33333333333333 0 0 0 0 0 0 0 0 0 0 0 0 1 7 0 5 0 0 3 0 3 0 0 0 5 0 0 0 0 0 0 0
sm_struct_assign1 20 1 4.33333333333333 0 2.33333333333333 0 0 0 0 1 0 0 0 0 0 0 0 1 13 0 11 8 0 3 8 3 0 0 0 9 0 0 0 1 0 0 0
sm_switch 0 8 36 0 1 0 0 0 0 1 0 0 0 0 0 0 0 1 36 0 36 13 0 1 13 1 0 0 0 4 0 0 0 1 0 0 0
sm_switch2 0 8 31 0 1 0 0 0 0 2 0 0 0 0 0 0 0 1 31 0 31 13 0 1 13 1 0 0 0 5 0 0 0 2 0 0 0
sm_user_data1 5 1 4 0 1.66666666666667 0 0 0 0 1 0 0 0 0 0 0 0 1 12 0 7 3 0 3 3 3 0 0 0 8 0 0 0 1 0 0 0
sm_user_data2 0 1 3.66666666666667 0 1.66666666666667 0 0 0 0 1 0 0 0 0 0 0 0 1 11 0 5 5 0 3 5 3 0 0 0 9 0 0 0 1 0 0 0
sm_user_data3 2 1 5 0 1.66666666666667 0 0 0 0 1 0 0 0 0 0 0 0 1 15 0 10 5 0 3 5 3 0 0 0 9 0 0 0 1 0 0 0
sm_user_data4 70 1 6 0 1.5 0 0 0 0 1 0 0 0 0 0 0 0 1 24 0 11 4 0 4 4 4 0 0 0 15 0 0 0 1 0 0 0
sm_val_parse1 0 1 6 0 1 0 0 0 0 0 0 0 0 0 0 0 0 1 6 0 6 0 0 1 0 1 0 0 0 1 0 0 0 0 0 0 0
sm_wine_filehandles 0 1.66666666666667 5.33333333333333 0 0.333333333333333 0 0 0 0 1 0 0 0 0 0 0 0 1 16 0 14 0 0 3 0 3 0 0 0 6 0 0 0 1 0 0 0
sm_wine_locking 0 1.55555555555556 3.33333333333333 0 1 0 0 0 0 1 0 0 0 0 0 0 0 1 30 0 22 6 0 9 6 9 0 0 0 22 0 0 0 1 0 0 0
sm_WtoA 0 1 3.2 0 0.6 0 0 0 0 0 0 0 0 0 0 0 0 2 16 0 5 0 0 5 0 5 0 0 0 8 0 0 0 0 0 0 0
specifiers1 0 1 97 0 1 0 0 0 0 0 0 0 0 0 0 0 0 1 97 0 97 0 0 1 0 1 0 0 0 1 0 0 0 0 0 0 0
specifiers2 0 1 1 0 72 0 0 0 0 0 0 0 0 0 0 0 0 1 1 0 1 0 0 1 0 1 0 0 0 1 0 0 0 0 0 0 0
static-forward-decl 0 1 4 0 1 0 0 0 0 0 0 0 0 0 0 0 0 1 4 0 4 0 0 1 0 1 0 0 0 1 0 0 0 0 0 0 0
struct-as 0 1 2.5 0 1 0 0 0 0 0 0 0 0 0 0 0 0 1 5 0 4 2 0 2 2 2 0 0 0 3 0 0 0 0 0 0 0
struct-attribute-placement 0 1 3 0 1 0 0 0 0 0 0 0 0 0 0 0 0 1 3 0 3 0 0 1 0 1 0 0 0 1 0 0 0 0 0 0 0
struct-ns1 0 1 11 0 1 0 0 0 0 0 0 0 0 0 0 0 0 1 11 0 11 0 0 1 0 1 0 0 0 1 0 0 0 0 0 0 0
struct-ns2 0 1 5.5 0 1 0 0 0 0 2 0 0 0 0 0 0 0 2 11 0 6 0 0 2 0 2 0 0 0 4 0 0 0 4 0 0 0
struct-size1 18 1 4 0 2 0 0 0 0 0 0 0 0 0 0 0 0 1 4 0 4 7 0 1 7 1 0 0 0 3 0 0 0 0 0 0 0
test-be 101 1.33333333333333 6 0 1.66666666666667 0 0 0 0 2 0 0 0 0 0 0 0 1 36 0 11 0 0 6 0 6 0 0 0 14 0 0 0 2 0 0 0
transparent-union 0 1 4 0 1 0 0 0 0 0 0 0 0 0 0 0 0 1 8 0 5 4 0 2 4 2 0 0 0 3 0 0 0 0 0 0 0
type1 0 1 4 0 1 0 0 0 0 0 0 0 0 0 0 0 0 1 8 0 4 2 0 2 2 2 0 0 0 3 0 0 0 0 0 0 0
typedef_shadow 0 1 4 0 1 0 0 0 0 0 0 0 0 0 0 0 0 1 4 0 4 0 0 1 0 1 0 0 0 1 0 0 0 0 0 0 0
typeof-attribute 0 1 7 0 2 0 0 0 0 1 0 0 0 0 0 0 0 1 7 0 7 0 0 1 0 1 0 0 0 2 0 0 0 1 0 0 0
typesign 0 1 5 0 1 0 0 0 0 0 0 0 0 0 0 0 0 6 30 0 6 0 0 6 0 6 0 0 0 6 0 0 0 0 0 0 0
varargs1 0 1 2.5 0 1.5 0 0 0 0 0 0 0 0 0 0 0 0 1 5 0 4 0 0 2 0 2 0 0 0 3 0 0 0 0 0 0 0
wide 0 0 0 0 0 0 0 0 0 0 0 0 0 0 0 0 0 0 0 0 0 2 0 0 2 0 0 0 0 0 0 0 0 0 0 0 0
preprocessor/wide 0 0 0 0 0 0 0 0 0 0 0 0 0 0 0 0 0 0 0 0 0 0 0 0 0 0 0 0 0 0 0 0 0 0 0 0 0
